//[512][R]
{
	   0,    2,    4,    6,    8,   10,   12,   14,   16,   18,   20,   22,   24,   26,   28,   30, 
	  32,   34,   36,   38,   40,   42,   44,   46,   48,   50,   52,   54,   56,   58,   60,   62, 
	  64,   66,   68,   70,   72,   74,   76,   78,   80,   82,   84,   86,   88,   90,   92,   94, 
	  96,   98,  100,  102,  104,  106,  108,  110,  112,  114,  116,  118,  120,  122,  124,  126, 
	 128,  130,  132,  134,  136,  138,  140,  142,  144,  146,  148,  150,  152,  154,  156,  158, 
	 160,  162,  164,  166,  168,  170,  172,  174,  176,  178,  180,  182,  184,  186,  188,  190, 
	 192,  194,  196,  198,  200,  202,  204,  206,  208,  210,  212,  214,  216,  218,  220,  222, 
	 224,  226,  228,  230,  232,  234,  236,  238,  240,  242,  244,  246,  248,  250,  252,  254, 
	 256,  258,  260,  262,  264,  266,  268,  270,  272,  274,  276,  278,  280,  282,  284,  286, 
	 288,  290,  292,  294,  296,  298,  300,  302,  304,  306,  308,  310,  312,  314,  316,  318, 
	 320,  322,  324,  326,  328,  330,  332,  334,  336,  338,  340,  342,  344,  346,  348,  350, 
	 352,  354,  356,  358,  360,  362,  364,  366,  368,  370,  372,  374,  376,  378,  380,  382, 
	 384,  387,  390,  392,  395,  397,  400,  402,  405,  407,  410,  412,  415,  417,  420,  422, 
	 425,  428,  430,  433,  435,  438,  440,  443,  445,  448,  450,  453,  455,  458,  460,  463, 
	 465,  468,  471,  473,  476,  478,  481,  483,  486,  488,  491,  493,  496,  498,  501,  503, 
	 506,  509,  511,  514,  516,  519,  521,  524,  526,  529,  531,  534,  536,  539,  541,  544, 
	 546,  548,  550,  552,  554,  556,  558,  560,  562,  564,  566,  567,  569,  571,  573,  575, 
	 577,  579,  581,  583,  585,  587,  588,  590,  592,  594,  596,  598,  600,  602,  604,  606, 
	 607,  609,  611,  613,  615,  617,  619,  621,  623,  625,  627,  628,  630,  632,  634,  636, 
	 638,  640,  642,  644,  646,  648,  649,  651,  653,  655,  657,  659,  661,  663,  665,  667, 
	 668,  671,  673,  675,  677,  679,  681,  683,  686,  688,  690,  692,  694,  696,  698,  701, 
	 703,  705,  707,  709,  711,  713,  716,  718,  720,  722,  724,  726,  728,  731,  733,  735, 
	 737,  739,  741,  743,  746,  748,  750,  752,  754,  756,  758,  761,  763,  765,  767,  769, 
	 771,  773,  776,  778,  780,  782,  784,  786,  788,  791,  793,  795,  797,  799,  801,  803, 
	 805,  808,  810,  813,  815,  818,  820,  823,  825,  828,  830,  833,  835,  838,  840,  843, 
	 845,  847,  850,  852,  855,  857,  860,  862,  865,  867,  870,  872,  875,  877,  880,  882, 
	 884,  887,  889,  892,  894,  897,  899,  902,  904,  907,  909,  912,  914,  917,  919,  922, 
	 924,  926,  929,  931,  934,  936,  939,  941,  944,  946,  949,  951,  954,  956,  959,  961, 
	 963,  964,  965,  966,  967,  968,  969,  970,  971,  972,  973,  974,  975,  975,  976,  977, 
	 978,  979,  980,  981,  982,  983,  984,  985,  986,  986,  987,  988,  989,  990,  991,  992, 
	 993,  994,  995,  996,  997,  998,  998,  999, 1000, 1001, 1002, 1003, 1004, 1005, 1006, 1007, 
	1008, 1009, 1009, 1010, 1011, 1012, 1013, 1014, 1015, 1016, 1017, 1018, 1019, 1020, 1020, 1022, 
	},
//[512][G]
{
	   0,    2,    4,    6,    8,   10,   12,   14,   16,   18,   20,   22,   24,   26,   28,   30, 
	  32,   34,   36,   38,   40,   42,   44,   46,   48,   50,   52,   54,   56,   58,   60,   62, 
	  64,   66,   68,   70,   72,   74,   76,   78,   80,   82,   84,   86,   88,   90,   92,   94, 
	  96,   98,  100,  102,  104,  106,  108,  110,  112,  114,  116,  118,  120,  122,  124,  126, 
	 128,  130,  132,  134,  136,  138,  140,  142,  144,  146,  148,  150,  152,  154,  156,  158, 
	 160,  162,  164,  166,  168,  170,  172,  174,  176,  178,  180,  182,  184,  186,  188,  190, 
	 192,  194,  196,  198,  200,  202,  204,  206,  208,  210,  212,  214,  216,  218,  220,  222, 
	 224,  226,  228,  230,  232,  234,  236,  238,  240,  242,  244,  246,  248,  250,  252,  254, 
	 256,  258,  260,  262,  264,  266,  268,  270,  272,  274,  276,  278,  280,  282,  284,  286, 
	 288,  290,  292,  294,  296,  298,  300,  302,  304,  306,  308,  310,  312,  314,  316,  318, 
	 320,  322,  324,  326,  328,  330,  332,  334,  336,  338,  340,  342,  344,  346,  348,  350, 
	 352,  354,  356,  358,  360,  362,  364,  366,  368,  370,  372,  374,  376,  378,  380,  382, 
	 384,  386,  388,  389,  391,  392,  394,  396,  397,  399,  400,  402,  403,  405,  407,  408, 
	 410,  411,  413,  414,  416,  418,  419,  421,  422,  424,  426,  427,  429,  430,  432,  433, 
	 435,  437,  438,  440,  441,  443,  444,  446,  448,  449,  451,  452,  454,  456,  457,  459, 
	 460,  462,  463,  465,  467,  468,  470,  471,  473,  474,  476,  478,  479,  481,  482,  484, 
	 485,  488,  490,  492,  494,  496,  498,  500,  502,  504,  506,  508,  510,  512,  514,  516, 
	 518,  520,  522,  524,  526,  528,  530,  532,  534,  536,  538,  540,  542,  544,  546,  548, 
	 550,  553,  555,  557,  559,  561,  563,  565,  567,  569,  571,  573,  575,  577,  579,  581, 
	 583,  585,  587,  589,  591,  593,  595,  597,  599,  601,  603,  605,  607,  609,  611,  613, 
	 615,  617,  619,  621,  623,  625,  627,  629,  631,  633,  635,  637,  639,  641,  643,  645, 
	 647,  649,  651,  653,  655,  657,  659,  661,  663,  665,  667,  669,  671,  673,  675,  677, 
	 679,  681,  683,  685,  687,  689,  691,  693,  695,  697,  699,  701,  703,  705,  707,  709, 
	 711,  713,  715,  717,  719,  721,  723,  725,  727,  729,  731,  733,  735,  737,  739,  741, 
	 742,  744,  746,  748,  750,  752,  754,  756,  757,  759,  761,  763,  765,  767,  769,  771, 
	 772,  774,  776,  778,  780,  782,  784,  786,  787,  789,  791,  793,  795,  797,  799,  801, 
	 802,  804,  806,  808,  810,  812,  814,  816,  817,  819,  821,  823,  825,  827,  829,  831, 
	 832,  834,  836,  838,  840,  842,  844,  846,  847,  849,  851,  853,  855,  857,  859,  861, 
	 862,  865,  868,  870,  873,  875,  878,  880,  883,  885,  888,  891,  893,  896,  898,  901, 
	 903,  906,  908,  911,  913,  916,  919,  921,  924,  926,  929,  931,  934,  936,  939,  941, 
	 944,  947,  949,  952,  954,  957,  959,  962,  964,  967,  970,  972,  975,  977,  980,  982, 
	 985,  987,  990,  992,  995,  998, 1000, 1003, 1005, 1008, 1010, 1013, 1015, 1018, 1020, 1022, 
	},
//[512][B]
{
	   0,    2,    4,    6,    8,   10,   12,   14,   16,   18,   20,   22,   24,   26,   28,   30, 
	  32,   34,   36,   38,   40,   42,   44,   46,   48,   50,   52,   54,   56,   58,   60,   62, 
	  64,   66,   68,   70,   72,   74,   76,   78,   80,   82,   84,   86,   88,   90,   92,   94, 
	  96,   98,  100,  102,  104,  106,  108,  110,  112,  114,  116,  118,  120,  122,  124,  126, 
	 128,  130,  132,  134,  136,  138,  140,  142,  144,  146,  148,  150,  152,  154,  156,  158, 
	 160,  162,  164,  166,  168,  170,  172,  174,  176,  178,  180,  182,  184,  186,  188,  190, 
	 192,  194,  196,  198,  200,  202,  204,  206,  208,  210,  212,  214,  216,  218,  220,  222, 
	 224,  226,  228,  230,  232,  234,  236,  238,  240,  242,  244,  246,  248,  250,  252,  254, 
	 256,  258,  260,  262,  264,  266,  268,  270,  272,  274,  276,  278,  280,  282,  284,  286, 
	 288,  290,  292,  294,  296,  298,  300,  302,  304,  306,  308,  310,  312,  314,  316,  318, 
	 320,  322,  324,  326,  328,  330,  332,  334,  336,  338,  340,  342,  344,  346,  348,  350, 
	 352,  354,  356,  358,  360,  362,  364,  366,  368,  370,  372,  374,  376,  378,  380,  382, 
	 384,  387,  389,  392,  394,  396,  399,  401,  404,  406,  408,  411,  413,  416,  418,  420, 
	 423,  425,  428,  430,  432,  435,  437,  439,  442,  444,  447,  449,  451,  454,  456,  459, 
	 461,  463,  466,  468,  471,  473,  475,  478,  480,  483,  485,  487,  490,  492,  494,  497, 
	 499,  502,  504,  506,  509,  511,  514,  516,  518,  521,  523,  526,  528,  530,  533,  535, 
	 537,  540,  542,  544,  546,  548,  550,  552,  554,  556,  558,  560,  562,  565,  567,  569, 
	 571,  573,  575,  577,  579,  581,  583,  585,  587,  589,  592,  594,  596,  598,  600,  602, 
	 604,  606,  608,  610,  612,  614,  616,  619,  621,  623,  625,  627,  629,  631,  633,  635, 
	 637,  639,  641,  643,  646,  648,  650,  652,  654,  656,  658,  660,  662,  664,  666,  668, 
	 670,  673,  675,  677,  680,  682,  684,  686,  689,  691,  693,  695,  698,  700,  702,  704, 
	 707,  709,  711,  714,  716,  718,  720,  723,  725,  727,  729,  732,  734,  736,  738,  741, 
	 743,  745,  748,  750,  752,  754,  757,  759,  761,  763,  766,  768,  770,  772,  775,  777, 
	 779,  782,  784,  786,  788,  791,  793,  795,  797,  800,  802,  804,  806,  809,  811,  813, 
	 815,  818,  820,  822,  824,  826,  829,  831,  833,  835,  837,  840,  842,  844,  846,  848, 
	 850,  853,  855,  857,  859,  861,  864,  866,  868,  870,  872,  875,  877,  879,  881,  883, 
	 885,  888,  890,  892,  894,  896,  899,  901,  903,  905,  907,  910,  912,  914,  916,  918, 
	 920,  923,  925,  927,  929,  931,  934,  936,  938,  940,  942,  945,  947,  949,  951,  953, 
	 955,  957,  958,  959,  960,  961,  962,  963,  964,  965,  966,  967,  968,  969,  970,  971, 
	 972,  973,  974,  975,  976,  978,  979,  980,  981,  982,  983,  984,  985,  986,  987,  988, 
	 989,  990,  991,  992,  993,  994,  995,  996,  997,  998, 1000, 1001, 1002, 1003, 1004, 1005, 
	1006, 1007, 1008, 1009, 1010, 1011, 1012, 1013, 1014, 1015, 1016, 1017, 1018, 1019, 1020, 1022, 
	}
/*
ControlPoint[R][8]=
{
	  0,  64, 128, 192, 256, 320, 384, 448
}
ControlPoint[G][8]=
{
	  0,  64, 128, 192, 256, 320, 384, 448
}
ControlPoint[B][8]=
{
	  0,  64, 128, 192, 256, 320, 384, 448
}
Gamma Curve = 1.00
Control Points = 2
*/