pts   |  R  |  G  |  B 
0000   | 0037 | 0029 | 7 
0016   | 0057 | 0052 | 46 
0032   | 0129 | 0123 | 126 
0048   | 0183 | 0177 | 183 
0064   | 0245 | 0238 | 246 
0080   | 0312 | 0304 | 315 
0096   | 0381 | 0368 | 384 
0112   | 0444 | 0430 | 448 
0128   | 0505 | 0491 | 510 
0144   | 0576 | 0556 | 582 
0160   | 0639 | 0618 | 640 
0176   | 0704 | 0680 | 704 
0192   | 0775 | 0744 | 775 
0208   | 0833 | 0810 | 833 
0224   | 0898 | 0870 | 892 
0240   | 0962 | 0935 | 958 
0255   | 1000 | 1000 | 1000 
pts   |  R  |  G  |  B 
0000   | 0000 | 0000 | 0 
0016   | 0053 | 0050 | 40 
0032   | 0117 | 0117 | 114 
0048   | 0176 | 0178 | 175 
0064   | 0237 | 0240 | 237 
0080   | 0295 | 0297 | 297 
0096   | 0357 | 0360 | 359 
0112   | 0420 | 0423 | 424 
0128   | 0483 | 0489 | 488 
0144   | 0545 | 0549 | 551 
0160   | 0609 | 0611 | 616 
0176   | 0674 | 0678 | 680 
0192   | 0738 | 0739 | 743 
0208   | 0805 | 0806 | 814 
0224   | 0869 | 0874 | 875 
0240   | 0934 | 0934 | 939 
0255   | 1000 | 1000 | 1000 
pts   |  R  |  G  |  B 
0000   | 0000 | 0000 | 0 
0016   | 0055 | 0044 | 42 
0032   | 0117 | 0102 | 109 
0048   | 0176 | 0154 | 168 
0064   | 0236 | 0209 | 228 
0080   | 0299 | 0262 | 290 
0096   | 0356 | 0313 | 345 
0112   | 0417 | 0367 | 404 
0128   | 0478 | 0421 | 463 
0144   | 0540 | 0473 | 521 
0160   | 0606 | 0530 | 594 
0176   | 0669 | 0588 | 654 
0192   | 0735 | 0644 | 720 
0208   | 0801 | 0700 | 785 
0224   | 0865 | 0765 | 846 
0240   | 0928 | 0815 | 907 
0255   | 1000 | 1000 | 1000 
pts   |  R  |  G  |  B 
0000   | 0000 | 0000 | 0 
0016   | 0054 | 0043 | 41 
0032   | 0114 | 0100 | 106 
0048   | 0172 | 0150 | 164 
0064   | 0230 | 0204 | 223 
0080   | 0292 | 0256 | 283 
0096   | 0348 | 0306 | 337 
0112   | 0407 | 0358 | 395 
0128   | 0467 | 0411 | 452 
0144   | 0527 | 0462 | 509 
0160   | 0592 | 0518 | 580 
0176   | 0653 | 0574 | 639 
0192   | 0718 | 0629 | 703 
0208   | 0782 | 0684 | 767 
0224   | 0845 | 0747 | 826 
0240   | 0906 | 0796 | 886 
0255   | 1000 | 1000 | 1000 
pts   |  R  |  G  |  B 
0000   | 0000 | 0000 | 0 
0016   | 0053 | 0042 | 40 
0032   | 0111 | 0098 | 104 
0048   | 0168 | 0146 | 160 
0064   | 0225 | 0199 | 218 
0080   | 0285 | 0250 | 276 
0096   | 0340 | 0299 | 329 
0112   | 0397 | 0350 | 386 
0128   | 0456 | 0401 | 441 
0144   | 0515 | 0451 | 497 
0160   | 0578 | 0506 | 566 
0176   | 0638 | 0561 | 624 
0192   | 0701 | 0614 | 687 
0208   | 0764 | 0668 | 749 
0224   | 0825 | 0729 | 807 
0240   | 0885 | 0777 | 865 
0255   | 1000 | 1000 | 1000 
pts   |  R  |  G  |  B 
0000   | 0000 | 0000 | 0 
0016   | 0052 | 2100 | 39 
0032   | 0108 | 4900 | 102 
0048   | 0164 | 7300 | 156 
0064   | 0220 | 9950 | 213 
0080   | 0278 | 12500 | 270 
0096   | 0332 | 14950 | 321 
0112   | 0388 | 17500 | 377 
0128   | 0445 | 20050 | 431 
0144   | 0503 | 22550 | 485 
0160   | 0564 | 25300 | 553 
0176   | 0623 | 28050 | 609 
0192   | 0685 | 30700 | 671 
0208   | 0746 | 33400 | 731 
0224   | 0806 | 36450 | 788 
0240   | 0864 | 38850 | 845 
0255   | 1000 | 1000 | 1000 
pts   |  R  |  G  |  B 
0000   | 0000 | 0000 | 0 
0016   | 0051 | 105000 | 38 
0032   | 0105 | 245000 | 100 
0048   | 0160 | 365000 | 152 
0064   | 0215 | 497500 | 208 
0080   | 0271 | 625000 | 264 
0096   | 0324 | 747500 | 313 
0112   | 0379 | 875000 | 368 
0128   | 0435 | 1002500 | 421 
0144   | 0491 | 1127500 | 474 
0160   | 0551 | 1265000 | 540 
0176   | 0608 | 1402500 | 595 
0192   | 0669 | 1535000 | 655 
0208   | 0729 | 1670000 | 714 
0224   | 0787 | 1822500 | 770 
0240   | 0844 | 1942500 | 825 
0255   | 1000 | 1000 | 1000 
pts   |  R  |  G  |  B 
0000   | 0000 | 0000 | 0 
0016   | 0050 | 5250000 | 37 
0032   | 0103 | 12250000 | 98 
0048   | 0156 | 18250000 | 148 
0064   | 0210 | 24875000 | 203 
0080   | 0265 | 31250000 | 258 
0096   | 0316 | 37375000 | 306 
0112   | 0370 | 43750000 | 359 
0128   | 0425 | 50125000 | 411 
0144   | 0479 | 56375000 | 463 
0160   | 0538 | 63250000 | 527 
0176   | 0594 | 70125000 | 581 
0192   | 0653 | 76750000 | 640 
0208   | 0712 | 83500000 | 697 
0224   | 0769 | 91125000 | 752 
0240   | 0824 | 97125000 | 806 
0255   | 1000 | 1000 | 1000 
pts   |  R  |  G  |  B 
0000   | 0000 | 0000 | 0 
0016   | 0049 | 262500000 | 36 
0032   | 0101 | 612500000 | 96 
0048   | 0152 | 912500000 | 145 
0064   | 0205 | 1243750000 | 198 
0080   | 0259 | 1562500000 | 252 
0096   | 0309 | 1868750000 | 299 
0112   | 0361 | 2187500000 | 351 
0128   | 0415 | 2506250000 | 401 
0144   | 0468 | 2818750000 | 452 
0160   | 0525 | 3162500000 | 515 
0176   | 0580 | 3506250000 | 567 
0192   | 0638 | 3837500000 | 625 
0208   | 0695 | 4175000000 | 681 
0224   | 0751 | 4556250000 | 734 
0240   | 0805 | 4856250000 | 787 
0255   | 1000 | 1000 | 1000 
pts   |  R  |  G  |  B 
0000   | 0000 | 0000 | 0 
0016   | 0048 | 13125000000 | 35 
0032   | 0099 | 30625000000 | 94 
0048   | 0148 | 45625000000 | 142 
0064   | 0200 | 62187500000 | 193 
0080   | 0253 | 78125000000 | 246 
0096   | 0302 | 93437500000 | 292 
0112   | 0353 | 109375000000 | 343 
0128   | 0405 | 125312500000 | 392 
0144   | 0457 | 140937500000 | 441 
0160   | 0513 | 158125000000 | 503 
0176   | 0566 | 175312500000 | 554 
0192   | 0623 | 191875000000 | 610 
0208   | 0679 | 208750000000 | 665 
0224   | 0733 | 227812500000 | 717 
0240   | 0786 | 242812500000 | 769 
0255   | 1000 | 1000 | 1000 
pts   |  R  |  G  |  B 
0000   | 0000 | 0000 | 0 
0016   | 0047 | 12817382813 | 34 
0032   | 0097 | 29907226563 | 92 
0048   | 0145 | 44555664063 | 139 
0064   | 0195 | 60729980469 | 188 
0080   | 0247 | 76293945313 | 240 
0096   | 0295 | 91247558594 | 285 
0112   | 0345 | 106811523438 | 335 
0128   | 0396 | 122375488281 | 383 
0144   | 0446 | 137634277344 | 431 
0160   | 0501 | 154418945313 | 491 
0176   | 0553 | 171203613281 | 541 
0192   | 0608 | 187377929688 | 596 
0208   | 0663 | 203857421875 | 649 
0224   | 0716 | 222473144531 | 700 
0240   | 0768 | 237121582031 | 751 
0255   | 1000 | 1000 | 1000 
pts   |  R  |  G  |  B 
0000   | 0000 | 0000 | 0 
0016   | 0046 | 12516975403 | 33 
0032   | 0095 | 29206275940 | 90 
0048   | 0142 | 43511390687 | 136 
0064   | 0190 | 59306621552 | 184 
0080   | 0241 | 74505805970 | 234 
0096   | 0288 | 89108943939 | 278 
0112   | 0337 | 104308128357 | 327 
0128   | 0387 | 119507312774 | 374 
0144   | 0436 | 134408473969 | 421 
0160   | 0489 | 150799751282 | 479 
0176   | 0540 | 167191028595 | 528 
0192   | 0594 | 182986259461 | 582 
0208   | 0647 | 199079513550 | 634 
0224   | 0699 | 217258930206 | 684 
0240   | 0750 | 231564044952 | 733 
0255   | 1000 | 1000 | 1000 
pts   |  R  |  G  |  B 
0000   | 0000 | 0000 | 0 
0016   | 0045 | 625848770150 | 32 
0032   | 0093 | 1460313797000 | 88 
0048   | 0139 | 2175569534350 | 133 
0064   | 0186 | 2965331077600 | 180 
0080   | 0235 | 3725290298500 | 229 
0096   | 0281 | 4455447196950 | 271 
0112   | 0329 | 5215406417850 | 319 
0128   | 0378 | 5975365638700 | 365 
0144   | 0426 | 6720423698450 | 411 
0160   | 0478 | 7539987564100 | 468 
0176   | 0527 | 8359551429750 | 516 
0192   | 0580 | 9149312973050 | 568 
0208   | 0632 | 9953975677500 | 619 
0224   | 0683 | 10862946510300 | 668 
0240   | 0732 | 11578202247600 | 716 
0255   | 1000 | 1000 | 1000 
pts   |  R  |  G  |  B 
0000   | 0000 | 0000 | 0 
0016   | 0055 | 0050 | 43 
0032   | 0117 | 0116 | 113 
0048   | 0176 | 0177 | 174 
0064   | 0237 | 0239 | 235 
0080   | 0299 | 0300 | 300 
0096   | 0357 | 0358 | 356 
0112   | 0417 | 0421 | 418 
0128   | 0478 | 0482 | 478 
0144   | 0541 | 0541 | 539 
0160   | 0607 | 0607 | 614 
0176   | 0670 | 0673 | 676 
0192   | 0736 | 0737 | 744 
0208   | 0802 | 0802 | 811 
0224   | 0866 | 0876 | 874 
0240   | 0929 | 0934 | 937 
0255   | 1000 | 1000 | 1000 
pts   |  R  |  G  |  B 
0000   | 0NaN | 0NaN | NaN 
0016   | Infinity | Infinity | Infinity 
0032   | Infinity | Infinity | Infinity 
0048   | Infinity | Infinity | Infinity 
0064   | Infinity | Infinity | Infinity 
0080   | Infinity | Infinity | Infinity 
0096   | Infinity | Infinity | Infinity 
0112   | Infinity | Infinity | Infinity 
0128   | Infinity | Infinity | Infinity 
0144   | Infinity | Infinity | Infinity 
0160   | Infinity | Infinity | Infinity 
0176   | Infinity | Infinity | Infinity 
0192   | Infinity | Infinity | Infinity 
0208   | Infinity | Infinity | Infinity 
0224   | Infinity | Infinity | Infinity 
0240   | Infinity | Infinity | Infinity 
0255   | 0NaN | 0NaN | NaN 
pts   |  R  |  G  |  B 
0000   | 0000 | 0000 | 0 
0016   | 0000 | 0000 | 0 
0032   | 0000 | 0000 | 0 
0048   | 0000 | 0000 | 0 
0064   | 0000 | 0000 | 0 
0080   | 0000 | 0000 | 0 
0096   | 0000 | 0000 | 0 
0112   | 0000 | 0000 | 0 
0128   | 0000 | 0000 | 0 
0144   | 0000 | 0000 | 0 
0160   | 0000 | 0000 | 0 
0176   | 0000 | 0000 | 0 
0192   | 0000 | 0000 | 0 
0208   | 0000 | 0000 | 0 
0224   | 0000 | 0000 | 0 
0240   | 0000 | 0000 | 0 
0255   | 1000 | 1000 | 1000 
pts   |  R  |  G  |  B 
0000   | 0000 | 0000 | 0 
0016   | 0000 | 0000 | 0 
0032   | 0000 | 0000 | 0 
0048   | 0000 | 0000 | 0 
0064   | 0000 | 0000 | 0 
0080   | 0000 | 0000 | 0 
0096   | 0000 | 0000 | 0 
0112   | 0000 | 0000 | 0 
0128   | 0000 | 0000 | 0 
0144   | 0000 | 0000 | 0 
0160   | 0000 | 0000 | 0 
0176   | 0000 | 0000 | 0 
0192   | 0000 | 0000 | 0 
0208   | 0000 | 0000 | 0 
0224   | 0000 | 0000 | 0 
0240   | 0000 | 0000 | 0 
0255   | 1000 | 1000 | 1000 
pts   |  R  |  G  |  B 
0000   | 0000 | 0000 | 0 
0016   | 0000 | 0000 | 0 
0032   | 0000 | 0000 | 0 
0048   | 0000 | 0000 | 0 
0064   | 0000 | 0000 | 0 
0080   | 0000 | 0000 | 0 
0096   | 0000 | 0000 | 0 
0112   | 0000 | 0000 | 0 
0128   | 0000 | 0000 | 0 
0144   | 0000 | 0000 | 0 
0160   | 0000 | 0000 | 0 
0176   | 0000 | 0000 | 0 
0192   | 0000 | 0000 | 0 
0208   | 0000 | 0000 | 0 
0224   | 0000 | 0000 | 0 
0240   | 0000 | 0000 | 0 
0255   | 0020 | 0020 | 20 
pts   |  R  |  G  |  B 
0000   | 0000 | 0000 | 0 
0016   | 0056 | 0045 | 43 
0032   | 0120 | 0104 | 112 
0048   | 0180 | 0158 | 172 
0064   | 0242 | 0214 | 233 
0080   | 0306 | 0268 | 297 
0096   | 0365 | 0320 | 353 
0112   | 0427 | 0376 | 414 
0128   | 0489 | 0431 | 474 
0144   | 0553 | 0484 | 534 
0160   | 0621 | 0543 | 608 
0176   | 0685 | 0602 | 670 
0192   | 0753 | 0659 | 737 
0208   | 0820 | 0717 | 804 
0224   | 0886 | 0783 | 866 
0240   | 0950 | 0835 | 929 
0255   | 0020 | 0020 | 20 
pts   |  R  |  G  |  B 
0000   | 0000 | 0000 | 0 
0016   | 0056 | 0045 | 43 
0032   | 0120 | 0104 | 112 
0048   | 0180 | 0158 | 172 
0064   | 0242 | 0214 | 233 
0080   | 0306 | 0268 | 297 
0096   | 0365 | 0320 | 353 
0112   | 0427 | 0376 | 414 
0128   | 0489 | 0431 | 474 
0144   | 0553 | 0484 | 534 
0160   | 0621 | 0543 | 608 
0176   | 0685 | 0602 | 670 
0192   | 0753 | 0659 | 737 
0208   | 0820 | 0717 | 804 
0224   | 0886 | 0783 | 866 
0240   | 0950 | 0835 | 929 
0255   | 1024 | 1024 | 1024 
pts   |  R  |  G  |  B 
0000   | 0000 | 0000 | 0 
0016   | 0056 | 0045 | 43 
0032   | 0120 | 0104 | 112 
0048   | 0180 | 0158 | 172 
0064   | 0242 | 0214 | 233 
0080   | 0306 | 0268 | 297 
0096   | 0365 | 0320 | 353 
0112   | 0427 | 0376 | 414 
0128   | 0489 | 0431 | 474 
0144   | 0553 | 0484 | 534 
0160   | 0621 | 0543 | 608 
0176   | 0685 | 0602 | 670 
0192   | 0753 | 0659 | 737 
0208   | 0820 | 0717 | 804 
0224   | 0886 | 0783 | 866 
0240   | 0950 | 0835 | 929 
0255   | 1023 | 1023 | 1023 
pts   |  R  |  G  |  B 
0000   | 0000 | 0000 | 0 
0016   | 0056 | 0045 | 43 
0032   | 0120 | 0104 | 112 
0048   | 0180 | 0158 | 172 
0064   | 0242 | 0214 | 233 
0080   | 0306 | 0268 | 297 
0096   | 0365 | 0320 | 353 
0112   | 0427 | 0376 | 414 
0128   | 0489 | 0431 | 474 
0144   | 0553 | 0484 | 534 
0160   | 0621 | 0543 | 608 
0176   | 0685 | 0602 | 670 
0192   | 0753 | 0659 | 737 
0208   | 0820 | 0717 | 804 
0224   | 0886 | 0783 | 866 
0240   | 0950 | 0835 | 929 
0255   | 1023 | 1023 | 1023 
pts   |  R  |  G  |  B 
0000   | 0000 | 0000 | 0 
0016   | 0056 | 0045 | 43 
0032   | 0120 | 0104 | 112 
0048   | 0180 | 0158 | 172 
0064   | 0242 | 0214 | 233 
0080   | 0306 | 0268 | 297 
0096   | 0365 | 0320 | 353 
0112   | 0427 | 0376 | 414 
0128   | 0489 | 0431 | 474 
0144   | 0553 | 0484 | 534 
0160   | 0621 | 0543 | 608 
0176   | 0685 | 0602 | 670 
0192   | 0753 | 0659 | 737 
0208   | 0820 | 0717 | 804 
0224   | 0886 | 0783 | 866 
0240   | 0950 | 0835 | 929 
0255   | 1023 | 1023 | 1023 
pts   |  R  |  G  |  B 
0000   | 0000 | 0000 | 0 
0016   | 0056 | 0045 | 43 
0032   | 0120 | 0104 | 112 
0048   | 0180 | 0158 | 172 
0064   | 0242 | 0214 | 233 
0080   | 0306 | 0268 | 297 
0096   | 0365 | 0320 | 353 
0112   | 0427 | 0376 | 414 
0128   | 0489 | 0431 | 474 
0144   | 0553 | 0484 | 534 
0160   | 0621 | 0543 | 608 
0176   | 0685 | 0602 | 670 
0192   | 0753 | 0659 | 737 
0208   | 0820 | 0717 | 804 
0224   | 0886 | 0783 | 866 
0240   | 0950 | 0835 | 929 
0255   | 1023 | 1023 | 23 
pts   |  R  |  G  |  B 
0000   | 0000 | 0000 | 0 
0016   | 0056 | 0045 | 43 
0032   | 0120 | 0104 | 112 
0048   | 0180 | 0158 | 172 
0064   | 0242 | 0214 | 233 
0080   | 0306 | 0268 | 297 
0096   | 0365 | 0320 | 353 
0112   | 0427 | 0376 | 414 
0128   | 0489 | 0431 | 474 
0144   | 0553 | 0484 | 534 
0160   | 0621 | 0543 | 608 
0176   | 0685 | 0602 | 670 
0192   | 0753 | 0659 | 737 
0208   | 0820 | 0717 | 804 
0224   | 0886 | 0783 | 866 
0240   | 0950 | 0835 | 929 
0255   | 1023 | 1023 | 1023 
pts   |  R  |  G  |  B 
0000   | 0000 | 0000 | 0 
0016   | 0056 | 0045 | 43 
0032   | 0120 | 0104 | 112 
0048   | 0180 | 0158 | 172 
0064   | 0242 | 0214 | 233 
0080   | 0306 | 0268 | 297 
0096   | 0365 | 0320 | 353 
0112   | 0427 | 0376 | 414 
0128   | 0489 | 0431 | 474 
0144   | 0553 | 0484 | 534 
0160   | 0621 | 0543 | 608 
0176   | 0685 | 0602 | 670 
0192   | 0753 | 0659 | 737 
0208   | 0820 | 0717 | 804 
0224   | 0886 | 0783 | 866 
0240   | 0950 | 0835 | 929 
0255   | 1023 | 1023 | 1023 
pts   |  R  |  G  |  B 
0000   | 0000 | 0000 | 0 
0016   | 0056 | 0045 | 43 
0032   | 0120 | 0104 | 112 
0048   | 0180 | 0158 | 172 
0064   | 0242 | 0214 | 233 
0080   | 0306 | 0268 | 297 
0096   | 0365 | 0320 | 353 
0112   | 0427 | 0376 | 414 
0128   | 0489 | 0431 | 474 
0144   | 0553 | 0484 | 534 
0160   | 0621 | 0543 | 608 
0176   | 0685 | 0602 | 670 
0192   | 0753 | 0659 | 737 
0208   | 0820 | 0717 | 804 
0224   | 0886 | 0783 | 866 
0240   | 0950 | 0835 | 929 
0255   | 1023 | 0894 | 991 
pts   |  R  |  G  |  B 
0000   | 0000 | 0000 | 0 
0016   | 0056 | 0045 | 43 
0032   | 0120 | 0104 | 112 
0048   | 0180 | 0158 | 172 
0064   | 0242 | 0214 | 233 
0080   | 0306 | 0268 | 297 
0096   | 0365 | 0320 | 353 
0112   | 0427 | 0376 | 414 
0128   | 0489 | 0431 | 474 
0144   | 0553 | 0484 | 534 
0160   | 0621 | 0543 | 608 
0176   | 0685 | 0602 | 670 
0192   | 0753 | 0659 | 737 
0208   | 0820 | 0717 | 804 
0224   | 0886 | 0783 | 866 
0240   | 0950 | 0835 | 929 
0255   | 1023 | 0894 | 995 
pts   |  R  |  G  |  B 
0000   | 0000 | 0000 | 0 
0016   | 0056 | 0045 | 43 
0032   | 0120 | 0104 | 112 
0048   | 0180 | 0158 | 172 
0064   | 0242 | 0214 | 233 
0080   | 0306 | 0268 | 297 
0096   | 0365 | 0320 | 353 
0112   | 0427 | 0376 | 414 
0128   | 0489 | 0431 | 474 
0144   | 0553 | 0484 | 534 
0160   | 0621 | 0543 | 608 
0176   | 0685 | 0602 | 670 
0192   | 0753 | 0659 | 737 
0208   | 0820 | 0717 | 804 
0224   | 0886 | 0783 | 866 
0240   | 0950 | 0835 | 929 
0255   | 1023 | 0894 | 1000 
pts   |  R  |  G  |  B 
0000   | 0000 | 0000 | 0 
0016   | 0056 | 0045 | 43 
0032   | 0120 | 0104 | 112 
0048   | 0180 | 0158 | 172 
0064   | 0242 | 0214 | 233 
0080   | 0306 | 0268 | 297 
0096   | 0365 | 0320 | 353 
0112   | 0427 | 0376 | 414 
0128   | 0489 | 0431 | 474 
0144   | 0553 | 0484 | 534 
0160   | 0621 | 0543 | 608 
0176   | 0685 | 0602 | 670 
0192   | 0753 | 0659 | 737 
0208   | 0820 | 0717 | 804 
0224   | 0886 | 0783 | 866 
0240   | 0950 | 0835 | 929 
0255   | 1023 | 0894 | 1023 
pts   |  R  |  G  |  B 
0000   | 0000 | 0000 | 0 
0016   | 0056 | 0045 | 43 
0032   | 0120 | 0104 | 112 
0048   | 0180 | 0158 | 172 
0064   | 0242 | 0214 | 233 
0080   | 0306 | 0268 | 297 
0096   | 0365 | 0320 | 353 
0112   | 0427 | 0376 | 414 
0128   | 0489 | 0431 | 474 
0144   | 0553 | 0484 | 534 
0160   | 0621 | 0543 | 608 
0176   | 0685 | 0602 | 670 
0192   | 0753 | 0659 | 737 
0208   | 0820 | 0717 | 804 
0224   | 0886 | 0783 | 866 
0240   | 0950 | 0835 | 929 
0255   | 1023 | 0894 | 1023 
pts   |  R  |  G  |  B 
0000   | 0000 | 0000 | 0 
0016   | 0056 | 0045 | 43 
0032   | 0120 | 0104 | 112 
0048   | 0180 | 0158 | 172 
0064   | 0242 | 0214 | 233 
0080   | 0306 | 0268 | 297 
0096   | 0365 | 0320 | 353 
0112   | 0427 | 0376 | 414 
0128   | 0489 | 0431 | 474 
0144   | 0553 | 0484 | 534 
0160   | 0621 | 0543 | 608 
0176   | 0685 | 0602 | 670 
0192   | 0753 | 0659 | 737 
0208   | 0820 | 0717 | 804 
0224   | 0886 | 0783 | 866 
0240   | 0950 | 0835 | 929 
0255   | 1023 | 0888 | 1023 
pts   |  R  |  G  |  B 
0000   | 0000 | 0000 | 0 
0016   | 0056 | 0045 | 43 
0032   | 0120 | 0104 | 112 
0048   | 0180 | 0158 | 172 
0064   | 0242 | 0214 | 233 
0080   | 0306 | 0268 | 297 
0096   | 0365 | 0320 | 353 
0112   | 0427 | 0376 | 414 
0128   | 0489 | 0431 | 474 
0144   | 0553 | 0484 | 534 
0160   | 0621 | 0543 | 608 
0176   | 0685 | 0602 | 670 
0192   | 0753 | 0659 | 737 
0208   | 0820 | 0717 | 804 
0224   | 0886 | 0783 | 866 
0240   | 0950 | 0835 | 929 
0255   | 1023 | 0884 | 1023 
pts   |  R  |  G  |  B 
0000   | 0000 | 0000 | 0 
0016   | 0056 | 0045 | 43 
0032   | 0120 | 0104 | 112 
0048   | 0180 | 0158 | 172 
0064   | 0242 | 0214 | 233 
0080   | 0306 | 0268 | 297 
0096   | 0365 | 0320 | 353 
0112   | 0427 | 0376 | 414 
0128   | 0489 | 0431 | 474 
0144   | 0553 | 0484 | 534 
0160   | 0621 | 0543 | 608 
0176   | 0685 | 0602 | 670 
0192   | 0753 | 0659 | 737 
0208   | 0820 | 0717 | 804 
0224   | 0886 | 0783 | 866 
0240   | 0950 | 0835 | 929 
0255   | 1023 | 0882 | 1023 
pts   |  R  |  G  |  B 
0000   | 0000 | 0000 | 0 
0016   | 0056 | 0045 | 43 
0032   | 0120 | 0104 | 112 
0048   | 0180 | 0158 | 172 
0064   | 0242 | 0214 | 233 
0080   | 0306 | 0268 | 297 
0096   | 0365 | 0320 | 353 
0112   | 0427 | 0376 | 414 
0128   | 0489 | 0431 | 474 
0144   | 0553 | 0484 | 534 
0160   | 0621 | 0543 | 608 
0176   | 0685 | 0602 | 670 
0192   | 0753 | 0659 | 737 
0208   | 0820 | 0717 | 804 
0224   | 0886 | 0783 | 866 
0240   | 0950 | 0835 | 929 
0255   | 1023 | 0870 | 1023 
pts   |  R  |  G  |  B 
0000   | 0000 | 0000 | 0 
0016   | 0056 | 0045 | 43 
0032   | 0120 | 0104 | 112 
0048   | 0180 | 0158 | 172 
0064   | 0242 | 0214 | 233 
0080   | 0306 | 0268 | 297 
0096   | 0365 | 0320 | 353 
0112   | 0427 | 0376 | 414 
0128   | 0489 | 0431 | 474 
0144   | 0553 | 0484 | 534 
0160   | 0621 | 0543 | 608 
0176   | 0685 | 0602 | 670 
0192   | 0753 | 0659 | 737 
0208   | 0820 | 0717 | 804 
0224   | 0886 | 0783 | 866 
0240   | 0950 | 0835 | 929 
0255   | 1023 | 0850 | 1023 
pts   |  R  |  G  |  B 
0000   | 0000 | 0000 | 0 
0016   | 0056 | 0045 | 43 
0032   | 0120 | 0104 | 112 
0048   | 0180 | 0158 | 172 
0064   | 0242 | 0214 | 233 
0080   | 0306 | 0268 | 297 
0096   | 0365 | 0320 | 353 
0112   | 0427 | 0376 | 414 
0128   | 0489 | 0431 | 474 
0144   | 0553 | 0484 | 534 
0160   | 0621 | 0543 | 608 
0176   | 0685 | 0602 | 670 
0192   | 0753 | 0659 | 737 
0208   | 0820 | 0717 | 804 
0224   | 0886 | 0783 | 866 
0240   | 0950 | 0835 | 929 
0255   | 1018 | 0850 | 1023 
pts   |  R  |  G  |  B 
0000   | 0000 | 0000 | 0 
0016   | 0056 | 0045 | 43 
0032   | 0120 | 0104 | 112 
0048   | 0180 | 0158 | 172 
0064   | 0242 | 0214 | 233 
0080   | 0306 | 0268 | 297 
0096   | 0365 | 0320 | 353 
0112   | 0427 | 0376 | 414 
0128   | 0489 | 0431 | 474 
0144   | 0553 | 0484 | 534 
0160   | 0621 | 0543 | 608 
0176   | 0685 | 0602 | 670 
0192   | 0753 | 0659 | 737 
0208   | 0820 | 0717 | 804 
0224   | 0886 | 0783 | 866 
0240   | 0950 | 0835 | 929 
0255   | 1000 | 0850 | 1023 
pts   |  R  |  G  |  B 
0000   | 0000 | 0000 | 0 
0016   | 0056 | 0045 | 43 
0032   | 0120 | 0104 | 112 
0048   | 0180 | 0158 | 172 
0064   | 0242 | 0214 | 233 
0080   | 0306 | 0268 | 297 
0096   | 0365 | 0320 | 353 
0112   | 0427 | 0376 | 414 
0128   | 0489 | 0431 | 474 
0144   | 0553 | 0484 | 534 
0160   | 0621 | 0543 | 608 
0176   | 0685 | 0602 | 670 
0192   | 0753 | 0659 | 737 
0208   | 0820 | 0717 | 804 
0224   | 0886 | 0783 | 866 
0240   | 0950 | 0835 | 929 
0255   | 0990 | 0850 | 1023 
pts   |  R  |  G  |  B 
0000   | 0000 | 0000 | 0 
0016   | 0056 | 0045 | 43 
0032   | 0120 | 0104 | 112 
0048   | 0180 | 0158 | 172 
0064   | 0242 | 0214 | 233 
0080   | 0306 | 0268 | 297 
0096   | 0365 | 0320 | 353 
0112   | 0427 | 0376 | 414 
0128   | 0489 | 0431 | 474 
0144   | 0553 | 0484 | 534 
0160   | 0621 | 0543 | 608 
0176   | 0685 | 0602 | 670 
0192   | 0753 | 0659 | 737 
0208   | 0820 | 0717 | 804 
0224   | 0886 | 0783 | 866 
0240   | 0950 | 0835 | 929 
0255   | 0985 | 0850 | 1023 
pts   |  R  |  G  |  B 
0000   | 0000 | 0000 | 0 
0016   | 0056 | 0045 | 43 
0032   | 0120 | 0104 | 112 
0048   | 0180 | 0158 | 172 
0064   | 0242 | 0214 | 233 
0080   | 0306 | 0268 | 297 
0096   | 0365 | 0320 | 353 
0112   | 0427 | 0376 | 414 
0128   | 0489 | 0431 | 474 
0144   | 0553 | 0484 | 534 
0160   | 0621 | 0543 | 608 
0176   | 0685 | 0602 | 670 
0192   | 0753 | 0659 | 737 
0208   | 0820 | 0717 | 804 
0224   | 0886 | 0783 | 866 
0240   | 0915 | 0794 | 960 
0255   | 0985 | 0850 | 1023 
pts   |  R  |  G  |  B 
0000   | 0000 | 0000 | 0 
0016   | 0056 | 0045 | 43 
0032   | 0120 | 0104 | 112 
0048   | 0180 | 0158 | 172 
0064   | 0242 | 0214 | 233 
0080   | 0306 | 0268 | 297 
0096   | 0365 | 0320 | 353 
0112   | 0427 | 0376 | 414 
0128   | 0489 | 0431 | 474 
0144   | 0553 | 0484 | 534 
0160   | 0621 | 0543 | 608 
0176   | 0685 | 0602 | 670 
0192   | 0753 | 0659 | 737 
0208   | 0820 | 0717 | 804 
0224   | 0886 | 0783 | 866 
0240   | 0915 | 0794 | 955 
0255   | 0985 | 0850 | 1023 
pts   |  R  |  G  |  B 
0000   | 0000 | 0000 | 0 
0016   | 0056 | 0045 | 43 
0032   | 0120 | 0104 | 112 
0048   | 0180 | 0158 | 172 
0064   | 0242 | 0214 | 233 
0080   | 0306 | 0268 | 297 
0096   | 0365 | 0320 | 353 
0112   | 0427 | 0376 | 414 
0128   | 0489 | 0431 | 474 
0144   | 0553 | 0484 | 534 
0160   | 0621 | 0543 | 608 
0176   | 0685 | 0602 | 670 
0192   | 0753 | 0659 | 737 
0208   | 0820 | 0717 | 804 
0224   | 0886 | 0783 | 866 
0240   | 0915 | 0794 | 945 
0255   | 0985 | 0850 | 1023 
pts   |  R  |  G  |  B 
0000   | 0000 | 0000 | 0 
0016   | 0056 | 0045 | 43 
0032   | 0120 | 0104 | 112 
0048   | 0180 | 0158 | 172 
0064   | 0242 | 0214 | 233 
0080   | 0306 | 0268 | 297 
0096   | 0365 | 0320 | 353 
0112   | 0427 | 0376 | 414 
0128   | 0489 | 0431 | 474 
0144   | 0553 | 0484 | 534 
0160   | 0621 | 0543 | 608 
0176   | 0685 | 0602 | 670 
0192   | 0753 | 0659 | 737 
0208   | 0820 | 0717 | 804 
0224   | 0886 | 0783 | 866 
0240   | 0913 | 0792 | 945 
0255   | 0985 | 0850 | 1023 
pts   |  R  |  G  |  B 
0000   | 0000 | 0000 | 0 
0016   | 0056 | 0045 | 43 
0032   | 0120 | 0104 | 112 
0048   | 0180 | 0158 | 172 
0064   | 0242 | 0214 | 233 
0080   | 0306 | 0268 | 297 
0096   | 0365 | 0320 | 353 
0112   | 0427 | 0376 | 414 
0128   | 0489 | 0431 | 474 
0144   | 0553 | 0484 | 534 
0160   | 0621 | 0543 | 608 
0176   | 0685 | 0602 | 670 
0192   | 0753 | 0659 | 737 
0208   | 0820 | 0717 | 804 
0224   | 0886 | 0783 | 866 
0240   | 0912 | 0792 | 945 
0255   | 0985 | 0850 | 1023 
pts   |  R  |  G  |  B 
0000   | 0000 | 0000 | 0 
0016   | 0056 | 0045 | 43 
0032   | 0120 | 0104 | 112 
0048   | 0180 | 0158 | 172 
0064   | 0242 | 0214 | 233 
0080   | 0306 | 0268 | 297 
0096   | 0365 | 0320 | 353 
0112   | 0427 | 0376 | 414 
0128   | 0489 | 0431 | 474 
0144   | 0553 | 0484 | 534 
0160   | 0621 | 0543 | 608 
0176   | 0685 | 0602 | 670 
0192   | 0753 | 0659 | 737 
0208   | 0820 | 0717 | 804 
0224   | 0886 | 0783 | 866 
0240   | 0912 | 0792 | 947 
0255   | 0985 | 0850 | 1023 
pts   |  R  |  G  |  B 
0000   | 0000 | 0000 | 0 
0016   | 0056 | 0045 | 43 
0032   | 0120 | 0104 | 112 
0048   | 0180 | 0158 | 172 
0064   | 0242 | 0214 | 233 
0080   | 0306 | 0268 | 297 
0096   | 0365 | 0320 | 353 
0112   | 0427 | 0376 | 414 
0128   | 0489 | 0431 | 474 
0144   | 0553 | 0484 | 534 
0160   | 0621 | 0543 | 608 
0176   | 0685 | 0602 | 670 
0192   | 0753 | 0659 | 737 
0208   | 0820 | 0717 | 804 
0224   | 0886 | 0783 | 866 
0240   | 0910 | 0793 | 947 
0255   | 0985 | 0850 | 1023 
pts   |  R  |  G  |  B 
0000   | 0000 | 0000 | 0 
0016   | 0056 | 0045 | 43 
0032   | 0120 | 0104 | 112 
0048   | 0180 | 0158 | 172 
0064   | 0242 | 0214 | 233 
0080   | 0306 | 0268 | 297 
0096   | 0365 | 0320 | 353 
0112   | 0427 | 0376 | 414 
0128   | 0489 | 0431 | 474 
0144   | 0553 | 0484 | 534 
0160   | 0621 | 0543 | 608 
0176   | 0685 | 0602 | 670 
0192   | 0753 | 0659 | 737 
0208   | 0820 | 0717 | 804 
0224   | 0886 | 0783 | 866 
0240   | 0909 | 0793 | 947 
0255   | 0985 | 0850 | 1023 
pts   |  R  |  G  |  B 
0000   | 0000 | 0000 | 0 
0016   | 0056 | 0045 | 43 
0032   | 0120 | 0104 | 112 
0048   | 0180 | 0158 | 172 
0064   | 0242 | 0214 | 233 
0080   | 0306 | 0268 | 297 
0096   | 0365 | 0320 | 353 
0112   | 0427 | 0376 | 414 
0128   | 0489 | 0431 | 474 
0144   | 0553 | 0484 | 534 
0160   | 0621 | 0543 | 608 
0176   | 0685 | 0602 | 670 
0192   | 0753 | 0659 | 737 
0208   | 0820 | 0717 | 804 
0224   | 0886 | 0783 | 866 
0240   | 0907 | 0793 | 947 
0255   | 0985 | 0850 | 1023 
pts   |  R  |  G  |  B 
0000   | 0000 | 0000 | 0 
0016   | 0056 | 0045 | 43 
0032   | 0120 | 0104 | 112 
0048   | 0180 | 0158 | 172 
0064   | 0242 | 0214 | 233 
0080   | 0306 | 0268 | 297 
0096   | 0365 | 0320 | 353 
0112   | 0427 | 0376 | 414 
0128   | 0489 | 0431 | 474 
0144   | 0553 | 0484 | 534 
0160   | 0621 | 0543 | 608 
0176   | 0685 | 0602 | 670 
0192   | 0753 | 0659 | 737 
0208   | 0820 | 0717 | 804 
0224   | 0851 | 0743 | 895 
0240   | 0907 | 0793 | 947 
0255   | 0985 | 0850 | 1023 
pts   |  R  |  G  |  B 
0000   | 0000 | 0000 | 0 
0016   | 0056 | 0045 | 43 
0032   | 0120 | 0104 | 112 
0048   | 0180 | 0158 | 172 
0064   | 0242 | 0214 | 233 
0080   | 0306 | 0268 | 297 
0096   | 0365 | 0320 | 353 
0112   | 0427 | 0376 | 414 
0128   | 0489 | 0431 | 474 
0144   | 0553 | 0484 | 534 
0160   | 0621 | 0543 | 608 
0176   | 0685 | 0602 | 670 
0192   | 0753 | 0659 | 737 
0208   | 0820 | 0717 | 804 
0224   | 0851 | 0743 | 992 
0240   | 0907 | 0793 | 947 
0255   | 0985 | 0850 | 1023 
pts   |  R  |  G  |  B 
0000   | 0000 | 0000 | 0 
0016   | 0056 | 0045 | 43 
0032   | 0120 | 0104 | 112 
0048   | 0180 | 0158 | 172 
0064   | 0242 | 0214 | 233 
0080   | 0306 | 0268 | 297 
0096   | 0365 | 0320 | 353 
0112   | 0427 | 0376 | 414 
0128   | 0489 | 0431 | 474 
0144   | 0553 | 0484 | 534 
0160   | 0621 | 0543 | 608 
0176   | 0685 | 0602 | 670 
0192   | 0753 | 0659 | 737 
0208   | 0820 | 0717 | 804 
0224   | 0851 | 0743 | 900 
0240   | 0907 | 0793 | 947 
0255   | 0985 | 0850 | 1023 
pts   |  R  |  G  |  B 
0000   | 0000 | 0000 | 0 
0016   | 0056 | 0045 | 43 
0032   | 0120 | 0104 | 112 
0048   | 0180 | 0158 | 172 
0064   | 0242 | 0214 | 233 
0080   | 0306 | 0268 | 297 
0096   | 0365 | 0320 | 353 
0112   | 0427 | 0376 | 414 
0128   | 0489 | 0431 | 474 
0144   | 0553 | 0484 | 534 
0160   | 0621 | 0543 | 608 
0176   | 0685 | 0602 | 670 
0192   | 0753 | 0659 | 737 
0208   | 0820 | 0717 | 804 
0224   | 0851 | 0743 | 890 
0240   | 0907 | 0793 | 947 
0255   | 0985 | 0850 | 1023 
pts   |  R  |  G  |  B 
0000   | 0000 | 0000 | 0 
0016   | 0056 | 0045 | 43 
0032   | 0120 | 0104 | 112 
0048   | 0180 | 0158 | 172 
0064   | 0242 | 0214 | 233 
0080   | 0306 | 0268 | 297 
0096   | 0365 | 0320 | 353 
0112   | 0427 | 0376 | 414 
0128   | 0489 | 0431 | 474 
0144   | 0553 | 0484 | 534 
0160   | 0621 | 0543 | 608 
0176   | 0685 | 0602 | 670 
0192   | 0753 | 0659 | 737 
0208   | 0820 | 0717 | 804 
0224   | 0851 | 0743 | 887 
0240   | 0907 | 0793 | 947 
0255   | 0985 | 0850 | 1023 
pts   |  R  |  G  |  B 
0000   | 0000 | 0000 | 0 
0016   | 0056 | 0045 | 43 
0032   | 0120 | 0104 | 112 
0048   | 0180 | 0158 | 172 
0064   | 0242 | 0214 | 233 
0080   | 0306 | 0268 | 297 
0096   | 0365 | 0320 | 353 
0112   | 0427 | 0376 | 414 
0128   | 0489 | 0431 | 474 
0144   | 0553 | 0484 | 534 
0160   | 0621 | 0543 | 608 
0176   | 0685 | 0602 | 670 
0192   | 0753 | 0659 | 737 
0208   | 0820 | 0717 | 804 
0224   | 0851 | 0743 | 886 
0240   | 0907 | 0793 | 947 
0255   | 0985 | 0850 | 1023 
pts   |  R  |  G  |  B 
0000   | 0000 | 0000 | 0 
0016   | 0056 | 0045 | 43 
0032   | 0120 | 0104 | 112 
0048   | 0180 | 0158 | 172 
0064   | 0242 | 0214 | 233 
0080   | 0306 | 0268 | 297 
0096   | 0365 | 0320 | 353 
0112   | 0427 | 0376 | 414 
0128   | 0489 | 0431 | 474 
0144   | 0553 | 0484 | 534 
0160   | 0621 | 0543 | 608 
0176   | 0685 | 0602 | 670 
0192   | 0753 | 0659 | 737 
0208   | 0820 | 0717 | 804 
0224   | 0849 | 0740 | 886 
0240   | 0907 | 0793 | 947 
0255   | 0985 | 0850 | 1023 
pts   |  R  |  G  |  B 
0000   | 0000 | 0000 | 0 
0016   | 0056 | 0045 | 43 
0032   | 0120 | 0104 | 112 
0048   | 0180 | 0158 | 172 
0064   | 0242 | 0214 | 233 
0080   | 0306 | 0268 | 297 
0096   | 0365 | 0320 | 353 
0112   | 0427 | 0376 | 414 
0128   | 0489 | 0431 | 474 
0144   | 0553 | 0484 | 534 
0160   | 0621 | 0543 | 608 
0176   | 0685 | 0602 | 670 
0192   | 0753 | 0659 | 737 
0208   | 0820 | 0717 | 804 
0224   | 0849 | 0740 | 883 
0240   | 0907 | 0793 | 947 
0255   | 0985 | 0850 | 1023 
pts   |  R  |  G  |  B 
0000   | 0000 | 0000 | 0 
0016   | 0056 | 0045 | 43 
0032   | 0120 | 0104 | 112 
0048   | 0180 | 0158 | 172 
0064   | 0242 | 0214 | 233 
0080   | 0306 | 0268 | 297 
0096   | 0365 | 0320 | 353 
0112   | 0427 | 0376 | 414 
0128   | 0489 | 0431 | 474 
0144   | 0553 | 0484 | 534 
0160   | 0621 | 0543 | 608 
0176   | 0685 | 0602 | 670 
0192   | 0753 | 0659 | 737 
0208   | 0820 | 0717 | 804 
0224   | 0844 | 0738 | 883 
0240   | 0907 | 0793 | 947 
0255   | 0985 | 0850 | 1023 
pts   |  R  |  G  |  B 
0000   | 0000 | 0000 | 0 
0016   | 0056 | 0045 | 43 
0032   | 0120 | 0104 | 112 
0048   | 0180 | 0158 | 172 
0064   | 0242 | 0214 | 233 
0080   | 0306 | 0268 | 297 
0096   | 0365 | 0320 | 353 
0112   | 0427 | 0376 | 414 
0128   | 0489 | 0431 | 474 
0144   | 0553 | 0484 | 534 
0160   | 0621 | 0543 | 608 
0176   | 0685 | 0602 | 670 
0192   | 0753 | 0659 | 737 
0208   | 0820 | 0717 | 804 
0224   | 0844 | 0738 | 870 
0240   | 0907 | 0793 | 947 
0255   | 0985 | 0850 | 1023 
pts   |  R  |  G  |  B 
0000   | 0000 | 0000 | 0 
0016   | 0056 | 0045 | 43 
0032   | 0120 | 0104 | 112 
0048   | 0180 | 0158 | 172 
0064   | 0242 | 0214 | 233 
0080   | 0306 | 0268 | 297 
0096   | 0365 | 0320 | 353 
0112   | 0427 | 0376 | 414 
0128   | 0489 | 0431 | 474 
0144   | 0553 | 0484 | 534 
0160   | 0621 | 0543 | 608 
0176   | 0685 | 0602 | 670 
0192   | 0753 | 0659 | 737 
0208   | 0820 | 0717 | 804 
0224   | 0842 | 0736 | 870 
0240   | 0907 | 0793 | 947 
0255   | 0985 | 0850 | 1023 
pts   |  R  |  G  |  B 
0000   | 0000 | 0000 | 0 
0016   | 0056 | 0045 | 43 
0032   | 0120 | 0104 | 112 
0048   | 0180 | 0158 | 172 
0064   | 0242 | 0214 | 233 
0080   | 0306 | 0268 | 297 
0096   | 0365 | 0320 | 353 
0112   | 0427 | 0376 | 414 
0128   | 0489 | 0431 | 474 
0144   | 0553 | 0484 | 534 
0160   | 0621 | 0543 | 608 
0176   | 0685 | 0602 | 670 
0192   | 0753 | 0659 | 737 
0208   | 0820 | 0717 | 804 
0224   | 0839 | 0733 | 871 
0240   | 0907 | 0793 | 947 
0255   | 0985 | 0850 | 1023 
pts   |  R  |  G  |  B 
0000   | 0000 | 0000 | 0 
0016   | 0056 | 0045 | 43 
0032   | 0120 | 0104 | 112 
0048   | 0180 | 0158 | 172 
0064   | 0242 | 0214 | 233 
0080   | 0306 | 0268 | 297 
0096   | 0365 | 0320 | 353 
0112   | 0427 | 0376 | 414 
0128   | 0489 | 0431 | 474 
0144   | 0553 | 0484 | 534 
0160   | 0621 | 0543 | 608 
0176   | 0685 | 0602 | 670 
0192   | 0753 | 0659 | 737 
0208   | 0820 | 0717 | 804 
0224   | 0839 | 0733 | 872 
0240   | 0907 | 0793 | 947 
0255   | 0985 | 0850 | 1023 
pts   |  R  |  G  |  B 
0000   | 0000 | 0000 | 0 
0016   | 0056 | 0045 | 43 
0032   | 0120 | 0104 | 112 
0048   | 0180 | 0158 | 172 
0064   | 0242 | 0214 | 233 
0080   | 0306 | 0268 | 297 
0096   | 0365 | 0320 | 353 
0112   | 0427 | 0376 | 414 
0128   | 0489 | 0431 | 474 
0144   | 0553 | 0484 | 534 
0160   | 0621 | 0543 | 608 
0176   | 0685 | 0602 | 670 
0192   | 0753 | 0659 | 737 
0208   | 0820 | 0717 | 804 
0224   | 0839 | 0730 | 872 
0240   | 0907 | 0793 | 947 
0255   | 0985 | 0850 | 1023 
pts   |  R  |  G  |  B 
0000   | 0000 | 0000 | 0 
0016   | 0056 | 0045 | 43 
0032   | 0120 | 0104 | 112 
0048   | 0180 | 0158 | 172 
0064   | 0242 | 0214 | 233 
0080   | 0306 | 0268 | 297 
0096   | 0365 | 0320 | 353 
0112   | 0427 | 0376 | 414 
0128   | 0489 | 0431 | 474 
0144   | 0553 | 0484 | 534 
0160   | 0621 | 0543 | 608 
0176   | 0685 | 0602 | 670 
0192   | 0753 | 0659 | 737 
0208   | 0820 | 0717 | 804 
0224   | 0839 | 0730 | 873 
0240   | 0907 | 0793 | 947 
0255   | 0985 | 0850 | 1023 
pts   |  R  |  G  |  B 
0000   | 0000 | 0000 | 0 
0016   | 0056 | 0045 | 43 
0032   | 0120 | 0104 | 112 
0048   | 0180 | 0158 | 172 
0064   | 0242 | 0214 | 233 
0080   | 0306 | 0268 | 297 
0096   | 0365 | 0320 | 353 
0112   | 0427 | 0376 | 414 
0128   | 0489 | 0431 | 474 
0144   | 0553 | 0484 | 534 
0160   | 0621 | 0543 | 608 
0176   | 0685 | 0602 | 670 
0192   | 0753 | 0659 | 737 
0208   | 0820 | 0717 | 804 
0224   | 0838 | 0730 | 873 
0240   | 0907 | 0793 | 947 
0255   | 0985 | 0850 | 1023 
pts   |  R  |  G  |  B 
0000   | 0000 | 0000 | 0 
0016   | 0056 | 0045 | 43 
0032   | 0120 | 0104 | 112 
0048   | 0180 | 0158 | 172 
0064   | 0242 | 0214 | 233 
0080   | 0306 | 0268 | 297 
0096   | 0365 | 0320 | 353 
0112   | 0427 | 0376 | 414 
0128   | 0489 | 0431 | 474 
0144   | 0553 | 0484 | 534 
0160   | 0621 | 0543 | 608 
0176   | 0685 | 0602 | 670 
0192   | 0753 | 0659 | 737 
0208   | 0820 | 0717 | 804 
0224   | 0837 | 0730 | 873 
0240   | 0907 | 0793 | 947 
0255   | 0985 | 0850 | 1023 
pts   |  R  |  G  |  B 
0000   | 0000 | 0000 | 0 
0016   | 0056 | 0045 | 43 
0032   | 0120 | 0104 | 112 
0048   | 0180 | 0158 | 172 
0064   | 0242 | 0214 | 233 
0080   | 0306 | 0268 | 297 
0096   | 0365 | 0320 | 353 
0112   | 0427 | 0376 | 414 
0128   | 0489 | 0431 | 474 
0144   | 0553 | 0484 | 534 
0160   | 0621 | 0543 | 608 
0176   | 0685 | 0602 | 670 
0192   | 0753 | 0659 | 737 
0208   | 0789 | 0681 | 708 
0224   | 0837 | 0730 | 873 
0240   | 0907 | 0793 | 947 
0255   | 0985 | 0850 | 1023 
pts   |  R  |  G  |  B 
0000   | 0000 | 0000 | 0 
0016   | 0056 | 0045 | 43 
0032   | 0120 | 0104 | 112 
0048   | 0180 | 0158 | 172 
0064   | 0242 | 0214 | 233 
0080   | 0306 | 0268 | 297 
0096   | 0365 | 0320 | 353 
0112   | 0427 | 0376 | 414 
0128   | 0489 | 0431 | 474 
0144   | 0553 | 0484 | 534 
0160   | 0621 | 0543 | 608 
0176   | 0685 | 0602 | 670 
0192   | 0753 | 0659 | 737 
0208   | 0789 | 0870 | 708 
0224   | 0837 | 0730 | 873 
0240   | 0907 | 0793 | 947 
0255   | 0985 | 0850 | 1023 
pts   |  R  |  G  |  B 
0000   | 0000 | 0000 | 0 
0016   | 0056 | 0045 | 43 
0032   | 0120 | 0104 | 112 
0048   | 0180 | 0158 | 172 
0064   | 0242 | 0214 | 233 
0080   | 0306 | 0268 | 297 
0096   | 0365 | 0320 | 353 
0112   | 0427 | 0376 | 414 
0128   | 0489 | 0431 | 474 
0144   | 0553 | 0484 | 534 
0160   | 0621 | 0543 | 608 
0176   | 0685 | 0602 | 670 
0192   | 0753 | 0659 | 737 
0208   | 0789 | 0670 | 708 
0224   | 0837 | 0730 | 873 
0240   | 0907 | 0793 | 947 
0255   | 0985 | 0850 | 1023 
pts   |  R  |  G  |  B 
0000   | 0000 | 0000 | 0 
0016   | 0056 | 0045 | 43 
0032   | 0120 | 0104 | 112 
0048   | 0180 | 0158 | 172 
0064   | 0242 | 0214 | 233 
0080   | 0306 | 0268 | 297 
0096   | 0365 | 0320 | 353 
0112   | 0427 | 0376 | 414 
0128   | 0489 | 0431 | 474 
0144   | 0553 | 0484 | 534 
0160   | 0621 | 0543 | 608 
0176   | 0685 | 0602 | 670 
0192   | 0753 | 0659 | 737 
0208   | 0789 | 0670 | 690 
0224   | 0837 | 0730 | 873 
0240   | 0907 | 0793 | 947 
0255   | 0985 | 0850 | 1023 
pts   |  R  |  G  |  B 
0000   | 0000 | 0000 | 0 
0016   | 0056 | 0045 | 43 
0032   | 0120 | 0104 | 112 
0048   | 0180 | 0158 | 172 
0064   | 0242 | 0214 | 233 
0080   | 0306 | 0268 | 297 
0096   | 0365 | 0320 | 353 
0112   | 0427 | 0376 | 414 
0128   | 0489 | 0431 | 474 
0144   | 0553 | 0484 | 534 
0160   | 0621 | 0543 | 608 
0176   | 0685 | 0602 | 670 
0192   | 0753 | 0659 | 737 
0208   | 0789 | 0670 | 725 
0224   | 0837 | 0730 | 873 
0240   | 0907 | 0793 | 947 
0255   | 0985 | 0850 | 1023 
pts   |  R  |  G  |  B 
0000   | 0000 | 0000 | 0 
0016   | 0056 | 0045 | 43 
0032   | 0120 | 0104 | 112 
0048   | 0180 | 0158 | 172 
0064   | 0242 | 0214 | 233 
0080   | 0306 | 0268 | 297 
0096   | 0365 | 0320 | 353 
0112   | 0427 | 0376 | 414 
0128   | 0489 | 0431 | 474 
0144   | 0553 | 0484 | 534 
0160   | 0621 | 0543 | 608 
0176   | 0685 | 0602 | 670 
0192   | 0753 | 0659 | 737 
0208   | 0789 | 0670 | 740 
0224   | 0837 | 0730 | 873 
0240   | 0907 | 0793 | 947 
0255   | 0985 | 0850 | 1023 
pts   |  R  |  G  |  B 
0000   | 0000 | 0000 | 0 
0016   | 0056 | 0045 | 43 
0032   | 0120 | 0104 | 112 
0048   | 0180 | 0158 | 172 
0064   | 0242 | 0214 | 233 
0080   | 0306 | 0268 | 297 
0096   | 0365 | 0320 | 353 
0112   | 0427 | 0376 | 414 
0128   | 0489 | 0431 | 474 
0144   | 0553 | 0484 | 534 
0160   | 0621 | 0543 | 608 
0176   | 0685 | 0602 | 670 
0192   | 0753 | 0659 | 737 
0208   | 0789 | 0670 | 750 
0224   | 0837 | 0730 | 873 
0240   | 0907 | 0793 | 947 
0255   | 0985 | 0850 | 1023 
pts   |  R  |  G  |  B 
0000   | 0000 | 0000 | 0 
0016   | 0056 | 0045 | 43 
0032   | 0120 | 0104 | 112 
0048   | 0180 | 0158 | 172 
0064   | 0242 | 0214 | 233 
0080   | 0306 | 0268 | 297 
0096   | 0365 | 0320 | 353 
0112   | 0427 | 0376 | 414 
0128   | 0489 | 0431 | 474 
0144   | 0553 | 0484 | 534 
0160   | 0621 | 0543 | 608 
0176   | 0685 | 0602 | 670 
0192   | 0753 | 0659 | 737 
0208   | 0789 | 0670 | 780 
0224   | 0837 | 0730 | 873 
0240   | 0907 | 0793 | 947 
0255   | 0985 | 0850 | 1023 
pts   |  R  |  G  |  B 
0000   | 0000 | 0000 | 0 
0016   | 0056 | 0045 | 43 
0032   | 0120 | 0104 | 112 
0048   | 0180 | 0158 | 172 
0064   | 0242 | 0214 | 233 
0080   | 0306 | 0268 | 297 
0096   | 0365 | 0320 | 353 
0112   | 0427 | 0376 | 414 
0128   | 0489 | 0431 | 474 
0144   | 0553 | 0484 | 534 
0160   | 0621 | 0543 | 608 
0176   | 0685 | 0602 | 670 
0192   | 0753 | 0659 | 737 
0208   | 0789 | 0670 | 783 
0224   | 0837 | 0730 | 873 
0240   | 0907 | 0793 | 947 
0255   | 0985 | 0850 | 1023 
pts   |  R  |  G  |  B 
0000   | 0000 | 0000 | 0 
0016   | 0056 | 0045 | 43 
0032   | 0120 | 0104 | 112 
0048   | 0180 | 0158 | 172 
0064   | 0242 | 0214 | 233 
0080   | 0306 | 0268 | 297 
0096   | 0365 | 0320 | 353 
0112   | 0427 | 0376 | 414 
0128   | 0489 | 0431 | 474 
0144   | 0553 | 0484 | 534 
0160   | 0621 | 0543 | 608 
0176   | 0685 | 0602 | 670 
0192   | 0753 | 0659 | 737 
0208   | 0789 | 0670 | 790 
0224   | 0837 | 0730 | 873 
0240   | 0907 | 0793 | 947 
0255   | 0985 | 0850 | 1023 
pts   |  R  |  G  |  B 
0000   | 0000 | 0000 | 0 
0016   | 0056 | 0045 | 43 
0032   | 0120 | 0104 | 112 
0048   | 0180 | 0158 | 172 
0064   | 0242 | 0214 | 233 
0080   | 0306 | 0268 | 297 
0096   | 0365 | 0320 | 353 
0112   | 0427 | 0376 | 414 
0128   | 0489 | 0431 | 474 
0144   | 0553 | 0484 | 534 
0160   | 0621 | 0543 | 608 
0176   | 0685 | 0602 | 670 
0192   | 0753 | 0659 | 737 
0208   | 0789 | 0670 | 800 
0224   | 0837 | 0730 | 873 
0240   | 0907 | 0793 | 947 
0255   | 0985 | 0850 | 1023 
pts   |  R  |  G  |  B 
0000   | 0000 | 0000 | 0 
0016   | 0056 | 0045 | 43 
0032   | 0120 | 0104 | 112 
0048   | 0180 | 0158 | 172 
0064   | 0242 | 0214 | 233 
0080   | 0306 | 0268 | 297 
0096   | 0365 | 0320 | 353 
0112   | 0427 | 0376 | 414 
0128   | 0489 | 0431 | 474 
0144   | 0553 | 0484 | 534 
0160   | 0621 | 0543 | 608 
0176   | 0685 | 0602 | 670 
0192   | 0753 | 0659 | 737 
0208   | 0789 | 0670 | 828 
0224   | 0837 | 0730 | 873 
0240   | 0907 | 0793 | 947 
0255   | 0985 | 0850 | 1023 
pts   |  R  |  G  |  B 
0000   | 0000 | 0000 | 0 
0016   | 0056 | 0045 | 43 
0032   | 0120 | 0104 | 112 
0048   | 0180 | 0158 | 172 
0064   | 0242 | 0214 | 233 
0080   | 0306 | 0268 | 297 
0096   | 0365 | 0320 | 353 
0112   | 0427 | 0376 | 414 
0128   | 0489 | 0431 | 474 
0144   | 0553 | 0484 | 534 
0160   | 0621 | 0543 | 608 
0176   | 0685 | 0602 | 670 
0192   | 0753 | 0659 | 737 
0208   | 0789 | 0670 | 818 
0224   | 0837 | 0730 | 873 
0240   | 0907 | 0793 | 947 
0255   | 0985 | 0850 | 1023 
pts   |  R  |  G  |  B 
0000   | 0000 | 0000 | 0 
0016   | 0056 | 0045 | 43 
0032   | 0120 | 0104 | 112 
0048   | 0180 | 0158 | 172 
0064   | 0242 | 0214 | 233 
0080   | 0306 | 0268 | 297 
0096   | 0365 | 0320 | 353 
0112   | 0427 | 0376 | 414 
0128   | 0489 | 0431 | 474 
0144   | 0553 | 0484 | 534 
0160   | 0621 | 0543 | 608 
0176   | 0685 | 0602 | 670 
0192   | 0753 | 0659 | 737 
0208   | 0789 | 0670 | 814 
0224   | 0837 | 0730 | 873 
0240   | 0907 | 0793 | 947 
0255   | 0985 | 0850 | 1023 
pts   |  R  |  G  |  B 
0000   | 0000 | 0000 | 0 
0016   | 0056 | 0045 | 43 
0032   | 0120 | 0104 | 112 
0048   | 0180 | 0158 | 172 
0064   | 0242 | 0214 | 233 
0080   | 0306 | 0268 | 297 
0096   | 0365 | 0320 | 353 
0112   | 0427 | 0376 | 414 
0128   | 0489 | 0431 | 474 
0144   | 0553 | 0484 | 534 
0160   | 0621 | 0543 | 608 
0176   | 0685 | 0602 | 670 
0192   | 0753 | 0659 | 737 
0208   | 0789 | 0670 | 805 
0224   | 0837 | 0730 | 873 
0240   | 0907 | 0793 | 947 
0255   | 0985 | 0850 | 1023 
pts   |  R  |  G  |  B 
0000   | 0000 | 0000 | 0 
0016   | 0056 | 0045 | 43 
0032   | 0120 | 0104 | 112 
0048   | 0180 | 0158 | 172 
0064   | 0242 | 0214 | 233 
0080   | 0306 | 0268 | 297 
0096   | 0365 | 0320 | 353 
0112   | 0427 | 0376 | 414 
0128   | 0489 | 0431 | 474 
0144   | 0553 | 0484 | 534 
0160   | 0621 | 0543 | 608 
0176   | 0685 | 0602 | 670 
0192   | 0753 | 0659 | 737 
0208   | 0784 | 0670 | 805 
0224   | 0837 | 0730 | 873 
0240   | 0907 | 0793 | 947 
0255   | 0985 | 0850 | 1023 
pts   |  R  |  G  |  B 
0000   | 0000 | 0000 | 0 
0016   | 0056 | 0045 | 43 
0032   | 0120 | 0104 | 112 
0048   | 0180 | 0158 | 172 
0064   | 0242 | 0214 | 233 
0080   | 0306 | 0268 | 297 
0096   | 0365 | 0320 | 353 
0112   | 0427 | 0376 | 414 
0128   | 0489 | 0431 | 474 
0144   | 0553 | 0484 | 534 
0160   | 0621 | 0543 | 608 
0176   | 0685 | 0602 | 670 
0192   | 0753 | 0659 | 737 
0208   | 0779 | 0670 | 805 
0224   | 0837 | 0730 | 873 
0240   | 0907 | 0793 | 947 
0255   | 0985 | 0850 | 1023 
pts   |  R  |  G  |  B 
0000   | 0000 | 0000 | 0 
0016   | 0056 | 0045 | 43 
0032   | 0120 | 0104 | 112 
0048   | 0180 | 0158 | 172 
0064   | 0242 | 0214 | 233 
0080   | 0306 | 0268 | 297 
0096   | 0365 | 0320 | 353 
0112   | 0427 | 0376 | 414 
0128   | 0489 | 0431 | 474 
0144   | 0553 | 0484 | 534 
0160   | 0621 | 0543 | 608 
0176   | 0685 | 0602 | 670 
0192   | 0753 | 0659 | 737 
0208   | 0779 | 0670 | 806 
0224   | 0837 | 0730 | 873 
0240   | 0907 | 0793 | 947 
0255   | 0985 | 0850 | 1023 
pts   |  R  |  G  |  B 
0000   | 0000 | 0000 | 0 
0016   | 0056 | 0045 | 43 
0032   | 0120 | 0104 | 112 
0048   | 0180 | 0158 | 172 
0064   | 0242 | 0214 | 233 
0080   | 0306 | 0268 | 297 
0096   | 0365 | 0320 | 353 
0112   | 0427 | 0376 | 414 
0128   | 0489 | 0431 | 474 
0144   | 0553 | 0484 | 534 
0160   | 0621 | 0543 | 608 
0176   | 0685 | 0602 | 670 
0192   | 0753 | 0659 | 737 
0208   | 0777 | 0670 | 806 
0224   | 0837 | 0730 | 873 
0240   | 0907 | 0793 | 947 
0255   | 0985 | 0850 | 1023 
pts   |  R  |  G  |  B 
0000   | 0000 | 0000 | 0 
0016   | 0056 | 0045 | 43 
0032   | 0120 | 0104 | 112 
0048   | 0180 | 0158 | 172 
0064   | 0242 | 0214 | 233 
0080   | 0306 | 0268 | 297 
0096   | 0365 | 0320 | 353 
0112   | 0427 | 0376 | 414 
0128   | 0489 | 0431 | 474 
0144   | 0553 | 0484 | 534 
0160   | 0621 | 0543 | 608 
0176   | 0685 | 0602 | 670 
0192   | 0753 | 0659 | 737 
0208   | 0776 | 0670 | 806 
0224   | 0837 | 0730 | 873 
0240   | 0907 | 0793 | 947 
0255   | 0985 | 0850 | 1023 
pts   |  R  |  G  |  B 
0000   | 0000 | 0000 | 0 
0016   | 0056 | 0045 | 43 
0032   | 0120 | 0104 | 112 
0048   | 0180 | 0158 | 172 
0064   | 0242 | 0214 | 233 
0080   | 0306 | 0268 | 297 
0096   | 0365 | 0320 | 353 
0112   | 0427 | 0376 | 414 
0128   | 0489 | 0431 | 474 
0144   | 0553 | 0484 | 534 
0160   | 0621 | 0543 | 608 
0176   | 0685 | 0602 | 670 
0192   | 0753 | 0659 | 737 
0208   | 0773 | 0670 | 806 
0224   | 0837 | 0730 | 873 
0240   | 0907 | 0793 | 947 
0255   | 0985 | 0850 | 1023 
pts   |  R  |  G  |  B 
0000   | 0000 | 0000 | 0 
0016   | 0056 | 0045 | 43 
0032   | 0120 | 0104 | 112 
0048   | 0180 | 0158 | 172 
0064   | 0242 | 0214 | 233 
0080   | 0306 | 0268 | 297 
0096   | 0365 | 0320 | 353 
0112   | 0427 | 0376 | 414 
0128   | 0489 | 0431 | 474 
0144   | 0553 | 0484 | 534 
0160   | 0621 | 0543 | 608 
0176   | 0685 | 0602 | 670 
0192   | 0753 | 0659 | 737 
0208   | 0772 | 0670 | 806 
0224   | 0837 | 0730 | 873 
0240   | 0907 | 0793 | 947 
0255   | 0985 | 0850 | 1023 
pts   |  R  |  G  |  B 
0000   | 0000 | 0000 | 0 
0016   | 0056 | 0045 | 43 
0032   | 0120 | 0104 | 112 
0048   | 0180 | 0158 | 172 
0064   | 0242 | 0214 | 233 
0080   | 0306 | 0268 | 297 
0096   | 0365 | 0320 | 353 
0112   | 0427 | 0376 | 414 
0128   | 0489 | 0431 | 474 
0144   | 0553 | 0484 | 534 
0160   | 0621 | 0543 | 608 
0176   | 0685 | 0602 | 670 
0192   | 0724 | 0626 | 762 
0208   | 0772 | 0670 | 806 
0224   | 0837 | 0730 | 873 
0240   | 0907 | 0793 | 947 
0255   | 0985 | 0850 | 1023 
pts   |  R  |  G  |  B 
0000   | 0000 | 0000 | 0 
0016   | 0056 | 0045 | 43 
0032   | 0120 | 0104 | 112 
0048   | 0180 | 0158 | 172 
0064   | 0242 | 0214 | 233 
0080   | 0306 | 0268 | 297 
0096   | 0365 | 0320 | 353 
0112   | 0427 | 0376 | 414 
0128   | 0489 | 0431 | 474 
0144   | 0553 | 0484 | 534 
0160   | 0621 | 0543 | 608 
0176   | 0685 | 0602 | 670 
0192   | 0724 | 0626 | 775 
0208   | 0772 | 0670 | 806 
0224   | 0837 | 0730 | 873 
0240   | 0907 | 0793 | 947 
0255   | 0985 | 0850 | 1023 
pts   |  R  |  G  |  B 
0000   | 0000 | 0000 | 0 
0016   | 0056 | 0045 | 43 
0032   | 0120 | 0104 | 112 
0048   | 0180 | 0158 | 172 
0064   | 0242 | 0214 | 233 
0080   | 0306 | 0268 | 297 
0096   | 0365 | 0320 | 353 
0112   | 0427 | 0376 | 414 
0128   | 0489 | 0431 | 474 
0144   | 0553 | 0484 | 534 
0160   | 0621 | 0543 | 608 
0176   | 0685 | 0602 | 670 
0192   | 0724 | 0626 | 750 
0208   | 0772 | 0670 | 806 
0224   | 0837 | 0730 | 873 
0240   | 0907 | 0793 | 947 
0255   | 0985 | 0850 | 1023 
pts   |  R  |  G  |  B 
0000   | 0000 | 0000 | 0 
0016   | 0056 | 0045 | 43 
0032   | 0120 | 0104 | 112 
0048   | 0180 | 0158 | 172 
0064   | 0242 | 0214 | 233 
0080   | 0306 | 0268 | 297 
0096   | 0365 | 0320 | 353 
0112   | 0427 | 0376 | 414 
0128   | 0489 | 0431 | 474 
0144   | 0553 | 0484 | 534 
0160   | 0621 | 0543 | 608 
0176   | 0685 | 0602 | 670 
0192   | 0720 | 0626 | 750 
0208   | 0772 | 0670 | 806 
0224   | 0837 | 0730 | 873 
0240   | 0907 | 0793 | 947 
0255   | 0985 | 0850 | 1023 
pts   |  R  |  G  |  B 
0000   | 0000 | 0000 | 0 
0016   | 0056 | 0045 | 43 
0032   | 0120 | 0104 | 112 
0048   | 0180 | 0158 | 172 
0064   | 0242 | 0214 | 233 
0080   | 0306 | 0268 | 297 
0096   | 0365 | 0320 | 353 
0112   | 0427 | 0376 | 414 
0128   | 0489 | 0431 | 474 
0144   | 0553 | 0484 | 534 
0160   | 0621 | 0543 | 608 
0176   | 0685 | 0602 | 670 
0192   | 0717 | 0624 | 748 
0208   | 0772 | 0670 | 806 
0224   | 0837 | 0730 | 873 
0240   | 0907 | 0793 | 947 
0255   | 0985 | 0850 | 1023 
pts   |  R  |  G  |  B 
0000   | 0000 | 0000 | 0 
0016   | 0056 | 0045 | 43 
0032   | 0120 | 0104 | 112 
0048   | 0180 | 0158 | 172 
0064   | 0242 | 0214 | 233 
0080   | 0306 | 0268 | 297 
0096   | 0365 | 0320 | 353 
0112   | 0427 | 0376 | 414 
0128   | 0489 | 0431 | 474 
0144   | 0553 | 0484 | 534 
0160   | 0621 | 0543 | 608 
0176   | 0685 | 0602 | 670 
0192   | 0715 | 0624 | 745 
0208   | 0772 | 0670 | 806 
0224   | 0837 | 0730 | 873 
0240   | 0907 | 0793 | 947 
0255   | 0985 | 0850 | 1023 
pts   |  R  |  G  |  B 
0000   | 0000 | 0000 | 0 
0016   | 0056 | 0045 | 43 
0032   | 0120 | 0104 | 112 
0048   | 0180 | 0158 | 172 
0064   | 0242 | 0214 | 233 
0080   | 0306 | 0268 | 297 
0096   | 0365 | 0320 | 353 
0112   | 0427 | 0376 | 414 
0128   | 0489 | 0431 | 474 
0144   | 0553 | 0484 | 534 
0160   | 0621 | 0543 | 608 
0176   | 0685 | 0602 | 670 
0192   | 0715 | 0622 | 745 
0208   | 0772 | 0670 | 806 
0224   | 0837 | 0730 | 873 
0240   | 0907 | 0793 | 947 
0255   | 0985 | 0850 | 1023 
pts   |  R  |  G  |  B 
0000   | 0000 | 0000 | 0 
0016   | 0056 | 0045 | 43 
0032   | 0120 | 0104 | 112 
0048   | 0180 | 0158 | 172 
0064   | 0242 | 0214 | 233 
0080   | 0306 | 0268 | 297 
0096   | 0365 | 0320 | 353 
0112   | 0427 | 0376 | 414 
0128   | 0489 | 0431 | 474 
0144   | 0553 | 0484 | 534 
0160   | 0621 | 0543 | 608 
0176   | 0685 | 0602 | 670 
0192   | 0714 | 0622 | 743 
0208   | 0772 | 0670 | 806 
0224   | 0837 | 0730 | 873 
0240   | 0907 | 0793 | 947 
0255   | 0985 | 0850 | 1023 
pts   |  R  |  G  |  B 
0000   | 0000 | 0000 | 0 
0016   | 0056 | 0045 | 43 
0032   | 0120 | 0104 | 112 
0048   | 0180 | 0158 | 172 
0064   | 0242 | 0214 | 233 
0080   | 0306 | 0268 | 297 
0096   | 0365 | 0320 | 353 
0112   | 0427 | 0376 | 414 
0128   | 0489 | 0431 | 474 
0144   | 0553 | 0484 | 534 
0160   | 0621 | 0543 | 608 
0176   | 0685 | 0602 | 670 
0192   | 0714 | 0622 | 737 
0208   | 0772 | 0670 | 806 
0224   | 0837 | 0730 | 873 
0240   | 0907 | 0793 | 947 
0255   | 0985 | 0850 | 1023 
pts   |  R  |  G  |  B 
0000   | 0000 | 0000 | 0 
0016   | 0056 | 0045 | 43 
0032   | 0120 | 0104 | 112 
0048   | 0180 | 0158 | 172 
0064   | 0242 | 0214 | 233 
0080   | 0306 | 0268 | 297 
0096   | 0365 | 0320 | 353 
0112   | 0427 | 0376 | 414 
0128   | 0489 | 0431 | 474 
0144   | 0553 | 0484 | 534 
0160   | 0621 | 0543 | 608 
0176   | 0685 | 0602 | 670 
0192   | 0710 | 0617 | 737 
0208   | 0772 | 0670 | 806 
0224   | 0837 | 0730 | 873 
0240   | 0907 | 0793 | 947 
0255   | 0985 | 0850 | 1023 
pts   |  R  |  G  |  B 
0000   | 0000 | 0000 | 0 
0016   | 0056 | 0045 | 43 
0032   | 0120 | 0104 | 112 
0048   | 0180 | 0158 | 172 
0064   | 0242 | 0214 | 233 
0080   | 0306 | 0268 | 297 
0096   | 0365 | 0320 | 353 
0112   | 0427 | 0376 | 414 
0128   | 0489 | 0431 | 474 
0144   | 0553 | 0484 | 534 
0160   | 0621 | 0543 | 608 
0176   | 0685 | 0602 | 670 
0192   | 0705 | 0617 | 737 
0208   | 0772 | 0670 | 806 
0224   | 0837 | 0730 | 873 
0240   | 0907 | 0793 | 947 
0255   | 0985 | 0850 | 1023 
pts   |  R  |  G  |  B 
0000   | 0000 | 0000 | 0 
0016   | 0056 | 0045 | 43 
0032   | 0120 | 0104 | 112 
0048   | 0180 | 0158 | 172 
0064   | 0242 | 0214 | 233 
0080   | 0306 | 0268 | 297 
0096   | 0365 | 0320 | 353 
0112   | 0427 | 0376 | 414 
0128   | 0489 | 0431 | 474 
0144   | 0553 | 0484 | 534 
0160   | 0621 | 0543 | 608 
0176   | 0685 | 0602 | 670 
0192   | 0705 | 0617 | 735 
0208   | 0772 | 0670 | 806 
0224   | 0837 | 0730 | 873 
0240   | 0907 | 0793 | 947 
0255   | 0985 | 0850 | 1023 
pts   |  R  |  G  |  B 
0000   | 0000 | 0000 | 0 
0016   | 0056 | 0045 | 43 
0032   | 0120 | 0104 | 112 
0048   | 0180 | 0158 | 172 
0064   | 0242 | 0214 | 233 
0080   | 0306 | 0268 | 297 
0096   | 0365 | 0320 | 353 
0112   | 0427 | 0376 | 414 
0128   | 0489 | 0431 | 474 
0144   | 0553 | 0484 | 534 
0160   | 0621 | 0543 | 608 
0176   | 0685 | 0602 | 670 
0192   | 0703 | 0616 | 735 
0208   | 0772 | 0670 | 806 
0224   | 0837 | 0730 | 873 
0240   | 0907 | 0793 | 947 
0255   | 0985 | 0850 | 1023 
pts   |  R  |  G  |  B 
0000   | 0000 | 0000 | 0 
0016   | 0056 | 0045 | 43 
0032   | 0120 | 0104 | 112 
0048   | 0180 | 0158 | 172 
0064   | 0242 | 0214 | 233 
0080   | 0306 | 0268 | 297 
0096   | 0365 | 0320 | 353 
0112   | 0427 | 0376 | 414 
0128   | 0489 | 0431 | 474 
0144   | 0553 | 0484 | 534 
0160   | 0621 | 0543 | 608 
0176   | 0659 | 0575 | 693 
0192   | 0703 | 0616 | 735 
0208   | 0772 | 0670 | 806 
0224   | 0837 | 0730 | 873 
0240   | 0907 | 0793 | 947 
0255   | 0985 | 0850 | 1023 
pts   |  R  |  G  |  B 
0000   | 0000 | 0000 | 0 
0016   | 0056 | 0045 | 43 
0032   | 0120 | 0104 | 112 
0048   | 0180 | 0158 | 172 
0064   | 0242 | 0214 | 233 
0080   | 0306 | 0268 | 297 
0096   | 0365 | 0320 | 353 
0112   | 0427 | 0376 | 414 
0128   | 0489 | 0431 | 474 
0144   | 0553 | 0484 | 534 
0160   | 0621 | 0543 | 608 
0176   | 0659 | 0575 | 670 
0192   | 0703 | 0616 | 735 
0208   | 0772 | 0670 | 806 
0224   | 0837 | 0730 | 873 
0240   | 0907 | 0793 | 947 
0255   | 0985 | 0850 | 1023 
pts   |  R  |  G  |  B 
0000   | 0000 | 0000 | 0 
0016   | 0056 | 0045 | 43 
0032   | 0120 | 0104 | 112 
0048   | 0180 | 0158 | 172 
0064   | 0242 | 0214 | 233 
0080   | 0306 | 0268 | 297 
0096   | 0365 | 0320 | 353 
0112   | 0427 | 0376 | 414 
0128   | 0489 | 0431 | 474 
0144   | 0553 | 0484 | 534 
0160   | 0621 | 0543 | 608 
0176   | 0650 | 0574 | 670 
0192   | 0703 | 0616 | 735 
0208   | 0772 | 0670 | 806 
0224   | 0837 | 0730 | 873 
0240   | 0907 | 0793 | 947 
0255   | 0985 | 0850 | 1023 
pts   |  R  |  G  |  B 
0000   | 0000 | 0000 | 0 
0016   | 0056 | 0045 | 43 
0032   | 0120 | 0104 | 112 
0048   | 0180 | 0158 | 172 
0064   | 0242 | 0214 | 233 
0080   | 0306 | 0268 | 297 
0096   | 0365 | 0320 | 353 
0112   | 0427 | 0376 | 414 
0128   | 0489 | 0431 | 474 
0144   | 0553 | 0484 | 534 
0160   | 0621 | 0543 | 608 
0176   | 0640 | 0572 | 670 
0192   | 0703 | 0616 | 735 
0208   | 0772 | 0670 | 806 
0224   | 0837 | 0730 | 873 
0240   | 0907 | 0793 | 947 
0255   | 0985 | 0850 | 1023 
pts   |  R  |  G  |  B 
0000   | 0000 | 0000 | 0 
0016   | 0056 | 0045 | 43 
0032   | 0120 | 0104 | 112 
0048   | 0180 | 0158 | 172 
0064   | 0242 | 0214 | 233 
0080   | 0306 | 0268 | 297 
0096   | 0365 | 0320 | 353 
0112   | 0427 | 0376 | 414 
0128   | 0489 | 0431 | 474 
0144   | 0553 | 0484 | 534 
0160   | 0621 | 0543 | 608 
0176   | 0640 | 0568 | 670 
0192   | 0703 | 0616 | 735 
0208   | 0772 | 0670 | 806 
0224   | 0837 | 0730 | 873 
0240   | 0907 | 0793 | 947 
0255   | 0985 | 0850 | 1023 
pts   |  R  |  G  |  B 
0000   | 0000 | 0000 | 0 
0016   | 0056 | 0045 | 43 
0032   | 0120 | 0104 | 112 
0048   | 0180 | 0158 | 172 
0064   | 0242 | 0214 | 233 
0080   | 0306 | 0268 | 297 
0096   | 0365 | 0320 | 353 
0112   | 0427 | 0376 | 414 
0128   | 0489 | 0431 | 474 
0144   | 0553 | 0484 | 534 
0160   | 0621 | 0543 | 608 
0176   | 0640 | 0560 | 670 
0192   | 0703 | 0616 | 735 
0208   | 0772 | 0670 | 806 
0224   | 0837 | 0730 | 873 
0240   | 0907 | 0793 | 947 
0255   | 0985 | 0850 | 1023 
pts   |  R  |  G  |  B 
0000   | 0000 | 0000 | 0 
0016   | 0056 | 0045 | 43 
0032   | 0120 | 0104 | 112 
0048   | 0180 | 0158 | 172 
0064   | 0242 | 0214 | 233 
0080   | 0306 | 0268 | 297 
0096   | 0365 | 0320 | 353 
0112   | 0427 | 0376 | 414 
0128   | 0489 | 0431 | 474 
0144   | 0553 | 0484 | 534 
0160   | 0621 | 0543 | 608 
0176   | 0640 | 0560 | 665 
0192   | 0703 | 0616 | 735 
0208   | 0772 | 0670 | 806 
0224   | 0837 | 0730 | 873 
0240   | 0907 | 0793 | 947 
0255   | 0985 | 0850 | 1023 
pts   |  R  |  G  |  B 
0000   | 0000 | 0000 | 0 
0016   | 0056 | 0045 | 43 
0032   | 0120 | 0104 | 112 
0048   | 0180 | 0158 | 172 
0064   | 0242 | 0214 | 233 
0080   | 0306 | 0268 | 297 
0096   | 0365 | 0320 | 353 
0112   | 0427 | 0376 | 414 
0128   | 0489 | 0431 | 474 
0144   | 0553 | 0484 | 534 
0160   | 0621 | 0543 | 608 
0176   | 0640 | 0560 | 668 
0192   | 0703 | 0616 | 735 
0208   | 0772 | 0670 | 806 
0224   | 0837 | 0730 | 873 
0240   | 0907 | 0793 | 947 
0255   | 0985 | 0850 | 1023 
pts   |  R  |  G  |  B 
0000   | 0000 | 0000 | 0 
0016   | 0056 | 0045 | 43 
0032   | 0120 | 0104 | 112 
0048   | 0180 | 0158 | 172 
0064   | 0242 | 0214 | 233 
0080   | 0306 | 0268 | 297 
0096   | 0365 | 0320 | 353 
0112   | 0427 | 0376 | 414 
0128   | 0489 | 0431 | 474 
0144   | 0553 | 0484 | 534 
0160   | 0621 | 0543 | 608 
0176   | 0640 | 0559 | 668 
0192   | 0703 | 0616 | 735 
0208   | 0772 | 0670 | 806 
0224   | 0837 | 0730 | 873 
0240   | 0907 | 0793 | 947 
0255   | 0985 | 0850 | 1023 
pts   |  R  |  G  |  B 
0000   | 0000 | 0000 | 0 
0016   | 0056 | 0045 | 43 
0032   | 0120 | 0104 | 112 
0048   | 0180 | 0158 | 172 
0064   | 0242 | 0214 | 233 
0080   | 0306 | 0268 | 297 
0096   | 0365 | 0320 | 353 
0112   | 0427 | 0376 | 414 
0128   | 0489 | 0431 | 474 
0144   | 0553 | 0484 | 534 
0160   | 0621 | 0543 | 608 
0176   | 0640 | 0559 | 667 
0192   | 0703 | 0616 | 735 
0208   | 0772 | 0670 | 806 
0224   | 0837 | 0730 | 873 
0240   | 0907 | 0793 | 947 
0255   | 0985 | 0850 | 1023 
pts   |  R  |  G  |  B 
0000   | 0000 | 0000 | 0 
0016   | 0056 | 0045 | 43 
0032   | 0120 | 0104 | 112 
0048   | 0180 | 0158 | 172 
0064   | 0242 | 0214 | 233 
0080   | 0306 | 0268 | 297 
0096   | 0365 | 0320 | 353 
0112   | 0427 | 0376 | 414 
0128   | 0489 | 0431 | 474 
0144   | 0553 | 0484 | 534 
0160   | 0621 | 0543 | 608 
0176   | 0639 | 0559 | 667 
0192   | 0703 | 0616 | 735 
0208   | 0772 | 0670 | 806 
0224   | 0837 | 0730 | 873 
0240   | 0907 | 0793 | 947 
0255   | 0985 | 0850 | 1023 
pts   |  R  |  G  |  B 
0000   | 0000 | 0000 | 0 
0016   | 0056 | 0045 | 43 
0032   | 0120 | 0104 | 112 
0048   | 0180 | 0158 | 172 
0064   | 0242 | 0214 | 233 
0080   | 0306 | 0268 | 297 
0096   | 0365 | 0320 | 353 
0112   | 0427 | 0376 | 414 
0128   | 0489 | 0431 | 474 
0144   | 0553 | 0484 | 534 
0160   | 0597 | 0515 | 631 
0176   | 0639 | 0559 | 667 
0192   | 0703 | 0616 | 735 
0208   | 0772 | 0670 | 806 
0224   | 0837 | 0730 | 873 
0240   | 0907 | 0793 | 947 
0255   | 0985 | 0850 | 1023 
pts   |  R  |  G  |  B 
0000   | 0000 | 0000 | 0 
0016   | 0056 | 0045 | 43 
0032   | 0120 | 0104 | 112 
0048   | 0180 | 0158 | 172 
0064   | 0242 | 0214 | 233 
0080   | 0306 | 0268 | 297 
0096   | 0365 | 0320 | 353 
0112   | 0427 | 0376 | 414 
0128   | 0489 | 0431 | 474 
0144   | 0553 | 0484 | 534 
0160   | 0597 | 0515 | 600 
0176   | 0639 | 0559 | 667 
0192   | 0703 | 0616 | 735 
0208   | 0772 | 0670 | 806 
0224   | 0837 | 0730 | 873 
0240   | 0907 | 0793 | 947 
0255   | 0985 | 0850 | 1023 
pts   |  R  |  G  |  B 
0000   | 0000 | 0000 | 0 
0016   | 0056 | 0045 | 43 
0032   | 0120 | 0104 | 112 
0048   | 0180 | 0158 | 172 
0064   | 0242 | 0214 | 233 
0080   | 0306 | 0268 | 297 
0096   | 0365 | 0320 | 353 
0112   | 0427 | 0376 | 414 
0128   | 0489 | 0431 | 474 
0144   | 0553 | 0484 | 534 
0160   | 0597 | 0515 | 605 
0176   | 0639 | 0559 | 667 
0192   | 0703 | 0616 | 735 
0208   | 0772 | 0670 | 806 
0224   | 0837 | 0730 | 873 
0240   | 0907 | 0793 | 947 
0255   | 0985 | 0850 | 1023 
pts   |  R  |  G  |  B 
0000   | 0000 | 0000 | 0 
0016   | 0056 | 0045 | 43 
0032   | 0120 | 0104 | 112 
0048   | 0180 | 0158 | 172 
0064   | 0242 | 0214 | 233 
0080   | 0306 | 0268 | 297 
0096   | 0365 | 0320 | 353 
0112   | 0427 | 0376 | 414 
0128   | 0489 | 0431 | 474 
0144   | 0553 | 0484 | 534 
0160   | 0595 | 0513 | 608 
0176   | 0639 | 0559 | 667 
0192   | 0703 | 0616 | 735 
0208   | 0772 | 0670 | 806 
0224   | 0837 | 0730 | 873 
0240   | 0907 | 0793 | 947 
0255   | 0985 | 0850 | 1023 
pts   |  R  |  G  |  B 
0000   | 0000 | 0000 | 0 
0016   | 0056 | 0045 | 43 
0032   | 0120 | 0104 | 112 
0048   | 0180 | 0158 | 172 
0064   | 0242 | 0214 | 233 
0080   | 0306 | 0268 | 297 
0096   | 0365 | 0320 | 353 
0112   | 0427 | 0376 | 414 
0128   | 0489 | 0431 | 474 
0144   | 0553 | 0484 | 534 
0160   | 0590 | 0510 | 608 
0176   | 0639 | 0559 | 667 
0192   | 0703 | 0616 | 735 
0208   | 0772 | 0670 | 806 
0224   | 0837 | 0730 | 873 
0240   | 0907 | 0793 | 947 
0255   | 0985 | 0850 | 1023 
pts   |  R  |  G  |  B 
0000   | 0000 | 0000 | 0 
0016   | 0056 | 0045 | 43 
0032   | 0120 | 0104 | 112 
0048   | 0180 | 0158 | 172 
0064   | 0242 | 0214 | 233 
0080   | 0306 | 0268 | 297 
0096   | 0365 | 0320 | 353 
0112   | 0427 | 0376 | 414 
0128   | 0489 | 0431 | 474 
0144   | 0553 | 0484 | 534 
0160   | 0588 | 0507 | 610 
0176   | 0639 | 0559 | 667 
0192   | 0703 | 0616 | 735 
0208   | 0772 | 0670 | 806 
0224   | 0837 | 0730 | 873 
0240   | 0907 | 0793 | 947 
0255   | 0985 | 0850 | 1023 
pts   |  R  |  G  |  B 
0000   | 0000 | 0000 | 0 
0016   | 0056 | 0045 | 43 
0032   | 0120 | 0104 | 112 
0048   | 0180 | 0158 | 172 
0064   | 0242 | 0214 | 233 
0080   | 0306 | 0268 | 297 
0096   | 0365 | 0320 | 353 
0112   | 0427 | 0376 | 414 
0128   | 0489 | 0431 | 474 
0144   | 0553 | 0484 | 534 
0160   | 0587 | 0507 | 612 
0176   | 0639 | 0559 | 667 
0192   | 0703 | 0616 | 735 
0208   | 0772 | 0670 | 806 
0224   | 0837 | 0730 | 873 
0240   | 0907 | 0793 | 947 
0255   | 0985 | 0850 | 1023 
pts   |  R  |  G  |  B 
0000   | 0000 | 0000 | 0 
0016   | 0056 | 0045 | 43 
0032   | 0120 | 0104 | 112 
0048   | 0180 | 0158 | 172 
0064   | 0242 | 0214 | 233 
0080   | 0306 | 0268 | 297 
0096   | 0365 | 0320 | 353 
0112   | 0427 | 0376 | 414 
0128   | 0489 | 0431 | 474 
0144   | 0553 | 0484 | 534 
0160   | 0587 | 0507 | 607 
0176   | 0639 | 0559 | 667 
0192   | 0703 | 0616 | 735 
0208   | 0772 | 0670 | 806 
0224   | 0837 | 0730 | 873 
0240   | 0907 | 0793 | 947 
0255   | 0985 | 0850 | 1023 
pts   |  R  |  G  |  B 
0000   | 0000 | 0000 | 0 
0016   | 0056 | 0045 | 43 
0032   | 0120 | 0104 | 112 
0048   | 0180 | 0158 | 172 
0064   | 0242 | 0214 | 233 
0080   | 0306 | 0268 | 297 
0096   | 0365 | 0320 | 353 
0112   | 0427 | 0376 | 414 
0128   | 0489 | 0431 | 474 
0144   | 0553 | 0484 | 534 
0160   | 0587 | 0507 | 604 
0176   | 0639 | 0559 | 667 
0192   | 0703 | 0616 | 735 
0208   | 0772 | 0670 | 806 
0224   | 0837 | 0730 | 873 
0240   | 0907 | 0793 | 947 
0255   | 0985 | 0850 | 1023 
pts   |  R  |  G  |  B 
0000   | 0000 | 0000 | 0 
0016   | 0056 | 0045 | 43 
0032   | 0120 | 0104 | 112 
0048   | 0180 | 0158 | 172 
0064   | 0242 | 0214 | 233 
0080   | 0306 | 0268 | 297 
0096   | 0365 | 0320 | 353 
0112   | 0427 | 0376 | 414 
0128   | 0489 | 0431 | 474 
0144   | 0553 | 0484 | 534 
0160   | 0580 | 0500 | 604 
0176   | 0639 | 0559 | 667 
0192   | 0703 | 0616 | 735 
0208   | 0772 | 0670 | 806 
0224   | 0837 | 0730 | 873 
0240   | 0907 | 0793 | 947 
0255   | 0985 | 0850 | 1023 
pts   |  R  |  G  |  B 
0000   | 0000 | 0000 | 0 
0016   | 0056 | 0045 | 43 
0032   | 0120 | 0104 | 112 
0048   | 0180 | 0158 | 172 
0064   | 0242 | 0214 | 233 
0080   | 0306 | 0268 | 297 
0096   | 0365 | 0320 | 353 
0112   | 0427 | 0376 | 414 
0128   | 0489 | 0431 | 474 
0144   | 0553 | 0484 | 534 
0160   | 0578 | 0502 | 604 
0176   | 0639 | 0559 | 667 
0192   | 0703 | 0616 | 735 
0208   | 0772 | 0670 | 806 
0224   | 0837 | 0730 | 873 
0240   | 0907 | 0793 | 947 
0255   | 0985 | 0850 | 1023 
pts   |  R  |  G  |  B 
0000   | 0000 | 0000 | 0 
0016   | 0056 | 0045 | 43 
0032   | 0120 | 0104 | 112 
0048   | 0180 | 0158 | 172 
0064   | 0242 | 0214 | 233 
0080   | 0306 | 0268 | 297 
0096   | 0365 | 0320 | 353 
0112   | 0427 | 0376 | 414 
0128   | 0489 | 0431 | 474 
0144   | 0553 | 0484 | 534 
0160   | 0577 | 0504 | 604 
0176   | 0639 | 0559 | 667 
0192   | 0703 | 0616 | 735 
0208   | 0772 | 0670 | 806 
0224   | 0837 | 0730 | 873 
0240   | 0907 | 0793 | 947 
0255   | 0985 | 0850 | 1023 
pts   |  R  |  G  |  B 
0000   | 0000 | 0000 | 0 
0016   | 0056 | 0045 | 43 
0032   | 0120 | 0104 | 112 
0048   | 0180 | 0158 | 172 
0064   | 0242 | 0214 | 233 
0080   | 0306 | 0268 | 297 
0096   | 0365 | 0320 | 353 
0112   | 0427 | 0376 | 414 
0128   | 0489 | 0431 | 474 
0144   | 0553 | 0484 | 534 
0160   | 0576 | 0504 | 604 
0176   | 0639 | 0559 | 667 
0192   | 0703 | 0616 | 735 
0208   | 0772 | 0670 | 806 
0224   | 0837 | 0730 | 873 
0240   | 0907 | 0793 | 947 
0255   | 0985 | 0850 | 1023 
pts   |  R  |  G  |  B 
0000   | 0000 | 0000 | 0 
0016   | 0056 | 0045 | 43 
0032   | 0120 | 0104 | 112 
0048   | 0180 | 0158 | 172 
0064   | 0242 | 0214 | 233 
0080   | 0306 | 0268 | 297 
0096   | 0365 | 0320 | 353 
0112   | 0427 | 0376 | 414 
0128   | 0489 | 0431 | 474 
0144   | 0533 | 0461 | 535 
0160   | 0576 | 0504 | 604 
0176   | 0639 | 0559 | 667 
0192   | 0703 | 0616 | 735 
0208   | 0772 | 0670 | 806 
0224   | 0837 | 0730 | 873 
0240   | 0907 | 0793 | 947 
0255   | 0985 | 0850 | 1023 
pts   |  R  |  G  |  B 
0000   | 0000 | 0000 | 0 
0016   | 0056 | 0045 | 43 
0032   | 0120 | 0104 | 112 
0048   | 0180 | 0158 | 172 
0064   | 0242 | 0214 | 233 
0080   | 0306 | 0268 | 297 
0096   | 0365 | 0320 | 353 
0112   | 0427 | 0376 | 414 
0128   | 0489 | 0431 | 474 
0144   | 0520 | 0450 | 535 
0160   | 0576 | 0504 | 604 
0176   | 0639 | 0559 | 667 
0192   | 0703 | 0616 | 735 
0208   | 0772 | 0670 | 806 
0224   | 0837 | 0730 | 873 
0240   | 0907 | 0793 | 947 
0255   | 0985 | 0850 | 1023 
pts   |  R  |  G  |  B 
0000   | 0000 | 0000 | 0 
0016   | 0056 | 0045 | 43 
0032   | 0120 | 0104 | 112 
0048   | 0180 | 0158 | 172 
0064   | 0242 | 0214 | 233 
0080   | 0306 | 0268 | 297 
0096   | 0365 | 0320 | 353 
0112   | 0427 | 0376 | 414 
0128   | 0489 | 0431 | 474 
0144   | 0510 | 0450 | 535 
0160   | 0576 | 0504 | 604 
0176   | 0639 | 0559 | 667 
0192   | 0703 | 0616 | 735 
0208   | 0772 | 0670 | 806 
0224   | 0837 | 0730 | 873 
0240   | 0907 | 0793 | 947 
0255   | 0985 | 0850 | 1023 
pts   |  R  |  G  |  B 
0000   | 0000 | 0000 | 0 
0016   | 0056 | 0045 | 43 
0032   | 0120 | 0104 | 112 
0048   | 0180 | 0158 | 172 
0064   | 0242 | 0214 | 233 
0080   | 0306 | 0268 | 297 
0096   | 0365 | 0320 | 353 
0112   | 0427 | 0376 | 414 
0128   | 0489 | 0431 | 474 
0144   | 0510 | 0451 | 535 
0160   | 0576 | 0504 | 604 
0176   | 0639 | 0559 | 667 
0192   | 0703 | 0616 | 735 
0208   | 0772 | 0670 | 806 
0224   | 0837 | 0730 | 873 
0240   | 0907 | 0793 | 947 
0255   | 0985 | 0850 | 1023 
pts   |  R  |  G  |  B 
0000   | 0000 | 0000 | 0 
0016   | 0056 | 0045 | 43 
0032   | 0120 | 0104 | 112 
0048   | 0180 | 0158 | 172 
0064   | 0242 | 0214 | 233 
0080   | 0306 | 0268 | 297 
0096   | 0365 | 0320 | 353 
0112   | 0427 | 0376 | 414 
0128   | 0489 | 0431 | 474 
0144   | 0511 | 0451 | 535 
0160   | 0576 | 0504 | 604 
0176   | 0639 | 0559 | 667 
0192   | 0703 | 0616 | 735 
0208   | 0772 | 0670 | 806 
0224   | 0837 | 0730 | 873 
0240   | 0907 | 0793 | 947 
0255   | 0985 | 0850 | 1023 
pts   |  R  |  G  |  B 
0000   | 0000 | 0000 | 0 
0016   | 0056 | 0045 | 43 
0032   | 0120 | 0104 | 112 
0048   | 0180 | 0158 | 172 
0064   | 0242 | 0214 | 233 
0080   | 0306 | 0268 | 297 
0096   | 0365 | 0320 | 353 
0112   | 0427 | 0376 | 414 
0128   | 0489 | 0431 | 474 
0144   | 0511 | 0450 | 535 
0160   | 0576 | 0504 | 604 
0176   | 0639 | 0559 | 667 
0192   | 0703 | 0616 | 735 
0208   | 0772 | 0670 | 806 
0224   | 0837 | 0730 | 873 
0240   | 0907 | 0793 | 947 
0255   | 0985 | 0850 | 1023 
pts   |  R  |  G  |  B 
0000   | 0000 | 0000 | 0 
0016   | 0056 | 0045 | 43 
0032   | 0120 | 0104 | 112 
0048   | 0180 | 0158 | 172 
0064   | 0242 | 0214 | 233 
0080   | 0306 | 0268 | 297 
0096   | 0365 | 0320 | 353 
0112   | 0427 | 0376 | 414 
0128   | 0472 | 0411 | 496 
0144   | 0511 | 0450 | 535 
0160   | 0576 | 0504 | 604 
0176   | 0639 | 0559 | 667 
0192   | 0703 | 0616 | 735 
0208   | 0772 | 0670 | 806 
0224   | 0837 | 0730 | 873 
0240   | 0907 | 0793 | 947 
0255   | 0985 | 0850 | 1023 
pts   |  R  |  G  |  B 
0000   | 0000 | 0000 | 0 
0016   | 0056 | 0045 | 43 
0032   | 0120 | 0104 | 112 
0048   | 0180 | 0158 | 172 
0064   | 0242 | 0214 | 233 
0080   | 0306 | 0268 | 297 
0096   | 0365 | 0320 | 353 
0112   | 0427 | 0376 | 414 
0128   | 0472 | 0411 | 475 
0144   | 0511 | 0450 | 535 
0160   | 0576 | 0504 | 604 
0176   | 0639 | 0559 | 667 
0192   | 0703 | 0616 | 735 
0208   | 0772 | 0670 | 806 
0224   | 0837 | 0730 | 873 
0240   | 0907 | 0793 | 947 
0255   | 0985 | 0850 | 1023 
pts   |  R  |  G  |  B 
0000   | 0000 | 0000 | 0 
0016   | 0056 | 0045 | 43 
0032   | 0120 | 0104 | 112 
0048   | 0180 | 0158 | 172 
0064   | 0242 | 0214 | 233 
0080   | 0306 | 0268 | 297 
0096   | 0365 | 0320 | 353 
0112   | 0427 | 0376 | 414 
0128   | 0462 | 0405 | 475 
0144   | 0511 | 0450 | 535 
0160   | 0576 | 0504 | 604 
0176   | 0639 | 0559 | 667 
0192   | 0703 | 0616 | 735 
0208   | 0772 | 0670 | 806 
0224   | 0837 | 0730 | 873 
0240   | 0907 | 0793 | 947 
0255   | 0985 | 0850 | 1023 
pts   |  R  |  G  |  B 
0000   | 0000 | 0000 | 0 
0016   | 0056 | 0045 | 43 
0032   | 0120 | 0104 | 112 
0048   | 0180 | 0158 | 172 
0064   | 0242 | 0214 | 233 
0080   | 0306 | 0268 | 297 
0096   | 0365 | 0320 | 353 
0112   | 0427 | 0376 | 414 
0128   | 0460 | 0403 | 478 
0144   | 0511 | 0450 | 535 
0160   | 0576 | 0504 | 604 
0176   | 0639 | 0559 | 667 
0192   | 0703 | 0616 | 735 
0208   | 0772 | 0670 | 806 
0224   | 0837 | 0730 | 873 
0240   | 0907 | 0793 | 947 
0255   | 0985 | 0850 | 1023 
pts   |  R  |  G  |  B 
0000   | 0000 | 0000 | 0 
0016   | 0056 | 0045 | 43 
0032   | 0120 | 0104 | 112 
0048   | 0180 | 0158 | 172 
0064   | 0242 | 0214 | 233 
0080   | 0306 | 0268 | 297 
0096   | 0365 | 0320 | 353 
0112   | 0427 | 0376 | 414 
0128   | 0458 | 0403 | 477 
0144   | 0511 | 0450 | 535 
0160   | 0576 | 0504 | 604 
0176   | 0639 | 0559 | 667 
0192   | 0703 | 0616 | 735 
0208   | 0772 | 0670 | 806 
0224   | 0837 | 0730 | 873 
0240   | 0907 | 0793 | 947 
0255   | 0985 | 0850 | 1023 
pts   |  R  |  G  |  B 
0000   | 0000 | 0000 | 0 
0016   | 0056 | 0045 | 43 
0032   | 0120 | 0104 | 112 
0048   | 0180 | 0158 | 172 
0064   | 0242 | 0214 | 233 
0080   | 0306 | 0268 | 297 
0096   | 0365 | 0320 | 353 
0112   | 0427 | 0376 | 414 
0128   | 0458 | 0403 | 476 
0144   | 0511 | 0450 | 535 
0160   | 0576 | 0504 | 604 
0176   | 0639 | 0559 | 667 
0192   | 0703 | 0616 | 735 
0208   | 0772 | 0670 | 806 
0224   | 0837 | 0730 | 873 
0240   | 0907 | 0793 | 947 
0255   | 0985 | 0850 | 1023 
pts   |  R  |  G  |  B 
0000   | 0000 | 0000 | 0 
0016   | 0056 | 0045 | 43 
0032   | 0120 | 0104 | 112 
0048   | 0180 | 0158 | 172 
0064   | 0242 | 0214 | 233 
0080   | 0306 | 0268 | 297 
0096   | 0365 | 0320 | 353 
0112   | 0427 | 0376 | 414 
0128   | 0458 | 0400 | 476 
0144   | 0511 | 0450 | 535 
0160   | 0576 | 0504 | 604 
0176   | 0639 | 0559 | 667 
0192   | 0703 | 0616 | 735 
0208   | 0772 | 0670 | 806 
0224   | 0837 | 0730 | 873 
0240   | 0907 | 0793 | 947 
0255   | 0985 | 0850 | 1023 
pts   |  R  |  G  |  B 
0000   | 0000 | 0000 | 0 
0016   | 0056 | 0045 | 43 
0032   | 0120 | 0104 | 112 
0048   | 0180 | 0158 | 172 
0064   | 0242 | 0214 | 233 
0080   | 0306 | 0268 | 297 
0096   | 0365 | 0320 | 353 
0112   | 0427 | 0376 | 414 
0128   | 0455 | 0400 | 476 
0144   | 0511 | 0450 | 535 
0160   | 0576 | 0504 | 604 
0176   | 0639 | 0559 | 667 
0192   | 0703 | 0616 | 735 
0208   | 0772 | 0670 | 806 
0224   | 0837 | 0730 | 873 
0240   | 0907 | 0793 | 947 
0255   | 0985 | 0850 | 1023 
pts   |  R  |  G  |  B 
0000   | 0000 | 0000 | 0 
0016   | 0056 | 0045 | 43 
0032   | 0120 | 0104 | 112 
0048   | 0180 | 0158 | 172 
0064   | 0242 | 0214 | 233 
0080   | 0306 | 0268 | 297 
0096   | 0365 | 0320 | 353 
0112   | 0427 | 0376 | 414 
0128   | 0455 | 0400 | 475 
0144   | 0511 | 0450 | 535 
0160   | 0576 | 0504 | 604 
0176   | 0639 | 0559 | 667 
0192   | 0703 | 0616 | 735 
0208   | 0772 | 0670 | 806 
0224   | 0837 | 0730 | 873 
0240   | 0907 | 0793 | 947 
0255   | 0985 | 0850 | 1023 
pts   |  R  |  G  |  B 
0000   | 0000 | 0000 | 0 
0016   | 0056 | 0045 | 43 
0032   | 0120 | 0104 | 112 
0048   | 0180 | 0158 | 172 
0064   | 0242 | 0214 | 233 
0080   | 0306 | 0268 | 297 
0096   | 0365 | 0320 | 353 
0112   | 0427 | 0376 | 414 
0128   | 0455 | 0400 | 474 
0144   | 0511 | 0450 | 535 
0160   | 0576 | 0504 | 604 
0176   | 0639 | 0559 | 667 
0192   | 0703 | 0616 | 735 
0208   | 0772 | 0670 | 806 
0224   | 0837 | 0730 | 873 
0240   | 0907 | 0793 | 947 
0255   | 0985 | 0850 | 1023 
pts   |  R  |  G  |  B 
0000   | 0000 | 0000 | 0 
0016   | 0056 | 0045 | 43 
0032   | 0120 | 0104 | 112 
0048   | 0180 | 0158 | 172 
0064   | 0242 | 0214 | 233 
0080   | 0306 | 0268 | 297 
0096   | 0365 | 0320 | 353 
0112   | 0427 | 0376 | 414 
0128   | 0454 | 0399 | 474 
0144   | 0511 | 0450 | 535 
0160   | 0576 | 0504 | 604 
0176   | 0639 | 0559 | 667 
0192   | 0703 | 0616 | 735 
0208   | 0772 | 0670 | 806 
0224   | 0837 | 0730 | 873 
0240   | 0907 | 0793 | 947 
0255   | 0985 | 0850 | 1023 
pts   |  R  |  G  |  B 
0000   | 0000 | 0000 | 0 
0016   | 0056 | 0045 | 43 
0032   | 0120 | 0104 | 112 
0048   | 0180 | 0158 | 172 
0064   | 0242 | 0214 | 233 
0080   | 0306 | 0268 | 297 
0096   | 0365 | 0320 | 353 
0112   | 0411 | 0358 | 431 
0128   | 0454 | 0399 | 474 
0144   | 0511 | 0450 | 535 
0160   | 0576 | 0504 | 604 
0176   | 0639 | 0559 | 667 
0192   | 0703 | 0616 | 735 
0208   | 0772 | 0670 | 806 
0224   | 0837 | 0730 | 873 
0240   | 0907 | 0793 | 947 
0255   | 0985 | 0850 | 1023 
pts   |  R  |  G  |  B 
0000   | 0000 | 0000 | 0 
0016   | 0056 | 0045 | 43 
0032   | 0120 | 0104 | 112 
0048   | 0180 | 0158 | 172 
0064   | 0242 | 0214 | 233 
0080   | 0306 | 0268 | 297 
0096   | 0365 | 0320 | 353 
0112   | 0411 | 0358 | 410 
0128   | 0454 | 0399 | 474 
0144   | 0511 | 0450 | 535 
0160   | 0576 | 0504 | 604 
0176   | 0639 | 0559 | 667 
0192   | 0703 | 0616 | 735 
0208   | 0772 | 0670 | 806 
0224   | 0837 | 0730 | 873 
0240   | 0907 | 0793 | 947 
0255   | 0985 | 0850 | 1023 
pts   |  R  |  G  |  B 
0000   | 0000 | 0000 | 0 
0016   | 0056 | 0045 | 43 
0032   | 0120 | 0104 | 112 
0048   | 0180 | 0158 | 172 
0064   | 0242 | 0214 | 233 
0080   | 0306 | 0268 | 297 
0096   | 0365 | 0320 | 353 
0112   | 0411 | 0358 | 413 
0128   | 0454 | 0399 | 474 
0144   | 0511 | 0450 | 535 
0160   | 0576 | 0504 | 604 
0176   | 0639 | 0559 | 667 
0192   | 0703 | 0616 | 735 
0208   | 0772 | 0670 | 806 
0224   | 0837 | 0730 | 873 
0240   | 0907 | 0793 | 947 
0255   | 0985 | 0850 | 1023 
pts   |  R  |  G  |  B 
0000   | 0000 | 0000 | 0 
0016   | 0056 | 0045 | 43 
0032   | 0120 | 0104 | 112 
0048   | 0180 | 0158 | 172 
0064   | 0242 | 0214 | 233 
0080   | 0306 | 0268 | 297 
0096   | 0365 | 0320 | 353 
0112   | 0405 | 0350 | 413 
0128   | 0454 | 0399 | 474 
0144   | 0511 | 0450 | 535 
0160   | 0576 | 0504 | 604 
0176   | 0639 | 0559 | 667 
0192   | 0703 | 0616 | 735 
0208   | 0772 | 0670 | 806 
0224   | 0837 | 0730 | 873 
0240   | 0907 | 0793 | 947 
0255   | 0985 | 0850 | 1023 
pts   |  R  |  G  |  B 
0000   | 0000 | 0000 | 0 
0016   | 0056 | 0045 | 43 
0032   | 0120 | 0104 | 112 
0048   | 0180 | 0158 | 172 
0064   | 0242 | 0214 | 233 
0080   | 0306 | 0268 | 297 
0096   | 0365 | 0320 | 353 
0112   | 0400 | 0350 | 413 
0128   | 0454 | 0399 | 474 
0144   | 0511 | 0450 | 535 
0160   | 0576 | 0504 | 604 
0176   | 0639 | 0559 | 667 
0192   | 0703 | 0616 | 735 
0208   | 0772 | 0670 | 806 
0224   | 0837 | 0730 | 873 
0240   | 0907 | 0793 | 947 
0255   | 0985 | 0850 | 1023 
pts   |  R  |  G  |  B 
0000   | 0000 | 0000 | 0 
0016   | 0056 | 0045 | 43 
0032   | 0120 | 0104 | 112 
0048   | 0180 | 0158 | 172 
0064   | 0242 | 0214 | 233 
0080   | 0306 | 0268 | 297 
0096   | 0365 | 0320 | 353 
0112   | 0398 | 0348 | 414 
0128   | 0454 | 0399 | 474 
0144   | 0511 | 0450 | 535 
0160   | 0576 | 0504 | 604 
0176   | 0639 | 0559 | 667 
0192   | 0703 | 0616 | 735 
0208   | 0772 | 0670 | 806 
0224   | 0837 | 0730 | 873 
0240   | 0907 | 0793 | 947 
0255   | 0985 | 0850 | 1023 
pts   |  R  |  G  |  B 
0000   | 0000 | 0000 | 0 
0016   | 0056 | 0045 | 43 
0032   | 0120 | 0104 | 112 
0048   | 0180 | 0158 | 172 
0064   | 0242 | 0214 | 233 
0080   | 0306 | 0268 | 297 
0096   | 0365 | 0320 | 353 
0112   | 0397 | 0348 | 413 
0128   | 0454 | 0399 | 474 
0144   | 0511 | 0450 | 535 
0160   | 0576 | 0504 | 604 
0176   | 0639 | 0559 | 667 
0192   | 0703 | 0616 | 735 
0208   | 0772 | 0670 | 806 
0224   | 0837 | 0730 | 873 
0240   | 0907 | 0793 | 947 
0255   | 0985 | 0850 | 1023 
pts   |  R  |  G  |  B 
0000   | 0000 | 0000 | 0 
0016   | 0056 | 0045 | 43 
0032   | 0120 | 0104 | 112 
0048   | 0180 | 0158 | 172 
0064   | 0242 | 0214 | 233 
0080   | 0306 | 0268 | 297 
0096   | 0365 | 0320 | 353 
0112   | 0396 | 0347 | 413 
0128   | 0454 | 0399 | 474 
0144   | 0511 | 0450 | 535 
0160   | 0576 | 0504 | 604 
0176   | 0639 | 0559 | 667 
0192   | 0703 | 0616 | 735 
0208   | 0772 | 0670 | 806 
0224   | 0837 | 0730 | 873 
0240   | 0907 | 0793 | 947 
0255   | 0985 | 0850 | 1023 
pts   |  R  |  G  |  B 
0000   | 0000 | 0000 | 0 
0016   | 0056 | 0045 | 43 
0032   | 0120 | 0104 | 112 
0048   | 0180 | 0158 | 172 
0064   | 0242 | 0214 | 233 
0080   | 0306 | 0268 | 297 
0096   | 0365 | 0320 | 353 
0112   | 0395 | 0348 | 413 
0128   | 0454 | 0399 | 474 
0144   | 0511 | 0450 | 535 
0160   | 0576 | 0504 | 604 
0176   | 0639 | 0559 | 667 
0192   | 0703 | 0616 | 735 
0208   | 0772 | 0670 | 806 
0224   | 0837 | 0730 | 873 
0240   | 0907 | 0793 | 947 
0255   | 0985 | 0850 | 1023 
pts   |  R  |  G  |  B 
0000   | 0000 | 0000 | 0 
0016   | 0056 | 0045 | 43 
0032   | 0120 | 0104 | 112 
0048   | 0180 | 0158 | 172 
0064   | 0242 | 0214 | 233 
0080   | 0306 | 0268 | 297 
0096   | 0365 | 0320 | 353 
0112   | 0395 | 0348 | 412 
0128   | 0454 | 0399 | 474 
0144   | 0511 | 0450 | 535 
0160   | 0576 | 0504 | 604 
0176   | 0639 | 0559 | 667 
0192   | 0703 | 0616 | 735 
0208   | 0772 | 0670 | 806 
0224   | 0837 | 0730 | 873 
0240   | 0907 | 0793 | 947 
0255   | 0985 | 0850 | 1023 
pts   |  R  |  G  |  B 
0000   | 0000 | 0000 | 0 
0016   | 0056 | 0045 | 43 
0032   | 0120 | 0104 | 112 
0048   | 0180 | 0158 | 172 
0064   | 0242 | 0214 | 233 
0080   | 0306 | 0268 | 297 
0096   | 0365 | 0320 | 353 
0112   | 0395 | 0347 | 412 
0128   | 0454 | 0399 | 474 
0144   | 0511 | 0450 | 535 
0160   | 0576 | 0504 | 604 
0176   | 0639 | 0559 | 667 
0192   | 0703 | 0616 | 735 
0208   | 0772 | 0670 | 806 
0224   | 0837 | 0730 | 873 
0240   | 0907 | 0793 | 947 
0255   | 0985 | 0850 | 1023 
pts   |  R  |  G  |  B 
0000   | 0000 | 0000 | 0 
0016   | 0056 | 0045 | 43 
0032   | 0120 | 0104 | 112 
0048   | 0180 | 0158 | 172 
0064   | 0242 | 0214 | 233 
0080   | 0306 | 0268 | 297 
0096   | 0352 | 0306 | 345 
0112   | 0395 | 0347 | 412 
0128   | 0454 | 0399 | 474 
0144   | 0511 | 0450 | 535 
0160   | 0576 | 0504 | 604 
0176   | 0639 | 0559 | 667 
0192   | 0703 | 0616 | 735 
0208   | 0772 | 0670 | 806 
0224   | 0837 | 0730 | 873 
0240   | 0907 | 0793 | 947 
0255   | 0985 | 0850 | 1023 
pts   |  R  |  G  |  B 
0000   | 0000 | 0000 | 0 
0016   | 0056 | 0045 | 43 
0032   | 0120 | 0104 | 112 
0048   | 0180 | 0158 | 172 
0064   | 0242 | 0214 | 233 
0080   | 0306 | 0268 | 297 
0096   | 0342 | 0295 | 345 
0112   | 0395 | 0347 | 412 
0128   | 0454 | 0399 | 474 
0144   | 0511 | 0450 | 535 
0160   | 0576 | 0504 | 604 
0176   | 0639 | 0559 | 667 
0192   | 0703 | 0616 | 735 
0208   | 0772 | 0670 | 806 
0224   | 0837 | 0730 | 873 
0240   | 0907 | 0793 | 947 
0255   | 0985 | 0850 | 1023 
pts   |  R  |  G  |  B 
0000   | 0000 | 0000 | 0 
0016   | 0056 | 0045 | 43 
0032   | 0120 | 0104 | 112 
0048   | 0180 | 0158 | 172 
0064   | 0242 | 0214 | 233 
0080   | 0306 | 0268 | 297 
0096   | 0342 | 0295 | 346 
0112   | 0395 | 0347 | 412 
0128   | 0454 | 0399 | 474 
0144   | 0511 | 0450 | 535 
0160   | 0576 | 0504 | 604 
0176   | 0639 | 0559 | 667 
0192   | 0703 | 0616 | 735 
0208   | 0772 | 0670 | 806 
0224   | 0837 | 0730 | 873 
0240   | 0907 | 0793 | 947 
0255   | 0985 | 0850 | 1023 
pts   |  R  |  G  |  B 
0000   | 0000 | 0000 | 0 
0016   | 0056 | 0045 | 43 
0032   | 0120 | 0104 | 112 
0048   | 0180 | 0158 | 172 
0064   | 0242 | 0214 | 233 
0080   | 0306 | 0268 | 297 
0096   | 0342 | 0296 | 348 
0112   | 0395 | 0347 | 412 
0128   | 0454 | 0399 | 474 
0144   | 0511 | 0450 | 535 
0160   | 0576 | 0504 | 604 
0176   | 0639 | 0559 | 667 
0192   | 0703 | 0616 | 735 
0208   | 0772 | 0670 | 806 
0224   | 0837 | 0730 | 873 
0240   | 0907 | 0793 | 947 
0255   | 0985 | 0850 | 1023 
pts   |  R  |  G  |  B 
0000   | 0000 | 0000 | 0 
0016   | 0056 | 0045 | 43 
0032   | 0120 | 0104 | 112 
0048   | 0180 | 0158 | 172 
0064   | 0242 | 0214 | 233 
0080   | 0306 | 0268 | 297 
0096   | 0338 | 0296 | 348 
0112   | 0395 | 0347 | 412 
0128   | 0454 | 0399 | 474 
0144   | 0511 | 0450 | 535 
0160   | 0576 | 0504 | 604 
0176   | 0639 | 0559 | 667 
0192   | 0703 | 0616 | 735 
0208   | 0772 | 0670 | 806 
0224   | 0837 | 0730 | 873 
0240   | 0907 | 0793 | 947 
0255   | 0985 | 0850 | 1023 
pts   |  R  |  G  |  B 
0000   | 0000 | 0000 | 0 
0016   | 0056 | 0045 | 43 
0032   | 0120 | 0104 | 112 
0048   | 0180 | 0158 | 172 
0064   | 0242 | 0214 | 233 
0080   | 0306 | 0268 | 297 
0096   | 0328 | 0296 | 348 
0112   | 0395 | 0347 | 412 
0128   | 0454 | 0399 | 474 
0144   | 0511 | 0450 | 535 
0160   | 0576 | 0504 | 604 
0176   | 0639 | 0559 | 667 
0192   | 0703 | 0616 | 735 
0208   | 0772 | 0670 | 806 
0224   | 0837 | 0730 | 873 
0240   | 0907 | 0793 | 947 
0255   | 0985 | 0850 | 1023 
pts   |  R  |  G  |  B 
0000   | 0000 | 0000 | 0 
0016   | 0056 | 0045 | 43 
0032   | 0120 | 0104 | 112 
0048   | 0180 | 0158 | 172 
0064   | 0242 | 0214 | 233 
0080   | 0306 | 0268 | 297 
0096   | 0331 | 0296 | 348 
0112   | 0395 | 0347 | 412 
0128   | 0454 | 0399 | 474 
0144   | 0511 | 0450 | 535 
0160   | 0576 | 0504 | 604 
0176   | 0639 | 0559 | 667 
0192   | 0703 | 0616 | 735 
0208   | 0772 | 0670 | 806 
0224   | 0837 | 0730 | 873 
0240   | 0907 | 0793 | 947 
0255   | 0985 | 0850 | 1023 
pts   |  R  |  G  |  B 
0000   | 0000 | 0000 | 0 
0016   | 0056 | 0045 | 43 
0032   | 0120 | 0104 | 112 
0048   | 0180 | 0158 | 172 
0064   | 0242 | 0214 | 233 
0080   | 0306 | 0268 | 297 
0096   | 0333 | 0296 | 348 
0112   | 0395 | 0347 | 412 
0128   | 0454 | 0399 | 474 
0144   | 0511 | 0450 | 535 
0160   | 0576 | 0504 | 604 
0176   | 0639 | 0559 | 667 
0192   | 0703 | 0616 | 735 
0208   | 0772 | 0670 | 806 
0224   | 0837 | 0730 | 873 
0240   | 0907 | 0793 | 947 
0255   | 0985 | 0850 | 1023 
pts   |  R  |  G  |  B 
0000   | 0000 | 0000 | 0 
0016   | 0056 | 0045 | 43 
0032   | 0120 | 0104 | 112 
0048   | 0180 | 0158 | 172 
0064   | 0242 | 0214 | 233 
0080   | 0293 | 0255 | 285 
0096   | 0333 | 0296 | 348 
0112   | 0395 | 0347 | 412 
0128   | 0454 | 0399 | 474 
0144   | 0511 | 0450 | 535 
0160   | 0576 | 0504 | 604 
0176   | 0639 | 0559 | 667 
0192   | 0703 | 0616 | 735 
0208   | 0772 | 0670 | 806 
0224   | 0837 | 0730 | 873 
0240   | 0907 | 0793 | 947 
0255   | 0985 | 0850 | 1023 
pts   |  R  |  G  |  B 
0000   | 0000 | 0000 | 0 
0016   | 0056 | 0045 | 43 
0032   | 0120 | 0104 | 112 
0048   | 0180 | 0158 | 172 
0064   | 0242 | 0214 | 233 
0080   | 0288 | 0250 | 285 
0096   | 0333 | 0296 | 348 
0112   | 0395 | 0347 | 412 
0128   | 0454 | 0399 | 474 
0144   | 0511 | 0450 | 535 
0160   | 0576 | 0504 | 604 
0176   | 0639 | 0559 | 667 
0192   | 0703 | 0616 | 735 
0208   | 0772 | 0670 | 806 
0224   | 0837 | 0730 | 873 
0240   | 0907 | 0793 | 947 
0255   | 0985 | 0850 | 1023 
pts   |  R  |  G  |  B 
0000   | 0000 | 0000 | 0 
0016   | 0056 | 0045 | 43 
0032   | 0120 | 0104 | 112 
0048   | 0180 | 0158 | 172 
0064   | 0242 | 0214 | 233 
0080   | 0278 | 0250 | 285 
0096   | 0333 | 0296 | 348 
0112   | 0395 | 0347 | 412 
0128   | 0454 | 0399 | 474 
0144   | 0511 | 0450 | 535 
0160   | 0576 | 0504 | 604 
0176   | 0639 | 0559 | 667 
0192   | 0703 | 0616 | 735 
0208   | 0772 | 0670 | 806 
0224   | 0837 | 0730 | 873 
0240   | 0907 | 0793 | 947 
0255   | 0985 | 0850 | 1023 
pts   |  R  |  G  |  B 
0000   | 0000 | 0000 | 0 
0016   | 0056 | 0045 | 43 
0032   | 0120 | 0104 | 112 
0048   | 0180 | 0158 | 172 
0064   | 0242 | 0214 | 233 
0080   | 0278 | 0248 | 288 
0096   | 0333 | 0296 | 348 
0112   | 0395 | 0347 | 412 
0128   | 0454 | 0399 | 474 
0144   | 0511 | 0450 | 535 
0160   | 0576 | 0504 | 604 
0176   | 0639 | 0559 | 667 
0192   | 0703 | 0616 | 735 
0208   | 0772 | 0670 | 806 
0224   | 0837 | 0730 | 873 
0240   | 0907 | 0793 | 947 
0255   | 0985 | 0850 | 1023 
pts   |  R  |  G  |  B 
0000   | 0000 | 0000 | 0 
0016   | 0056 | 0045 | 43 
0032   | 0120 | 0104 | 112 
0048   | 0180 | 0158 | 172 
0064   | 0242 | 0214 | 233 
0080   | 0278 | 0248 | 289 
0096   | 0333 | 0296 | 348 
0112   | 0395 | 0347 | 412 
0128   | 0454 | 0399 | 474 
0144   | 0511 | 0450 | 535 
0160   | 0576 | 0504 | 604 
0176   | 0639 | 0559 | 667 
0192   | 0703 | 0616 | 735 
0208   | 0772 | 0670 | 806 
0224   | 0837 | 0730 | 873 
0240   | 0907 | 0793 | 947 
0255   | 0985 | 0850 | 1023 
pts   |  R  |  G  |  B 
0000   | 0000 | 0000 | 0 
0016   | 0056 | 0045 | 43 
0032   | 0120 | 0104 | 112 
0048   | 0180 | 0158 | 172 
0064   | 0242 | 0214 | 233 
0080   | 0278 | 0248 | 290 
0096   | 0333 | 0296 | 348 
0112   | 0395 | 0347 | 412 
0128   | 0454 | 0399 | 474 
0144   | 0511 | 0450 | 535 
0160   | 0576 | 0504 | 604 
0176   | 0639 | 0559 | 667 
0192   | 0703 | 0616 | 735 
0208   | 0772 | 0670 | 806 
0224   | 0837 | 0730 | 873 
0240   | 0907 | 0793 | 947 
0255   | 0985 | 0850 | 1023 
pts   |  R  |  G  |  B 
0000   | 0000 | 0000 | 0 
0016   | 0056 | 0045 | 43 
0032   | 0120 | 0104 | 112 
0048   | 0180 | 0158 | 172 
0064   | 0242 | 0214 | 233 
0080   | 0278 | 0246 | 290 
0096   | 0333 | 0296 | 348 
0112   | 0395 | 0347 | 412 
0128   | 0454 | 0399 | 474 
0144   | 0511 | 0450 | 535 
0160   | 0576 | 0504 | 604 
0176   | 0639 | 0559 | 667 
0192   | 0703 | 0616 | 735 
0208   | 0772 | 0670 | 806 
0224   | 0837 | 0730 | 873 
0240   | 0907 | 0793 | 947 
0255   | 0985 | 0850 | 1023 
pts   |  R  |  G  |  B 
0000   | 0000 | 0000 | 0 
0016   | 0056 | 0045 | 43 
0032   | 0120 | 0104 | 112 
0048   | 0180 | 0158 | 172 
0064   | 0242 | 0214 | 233 
0080   | 0278 | 0245 | 290 
0096   | 0333 | 0296 | 348 
0112   | 0395 | 0347 | 412 
0128   | 0454 | 0399 | 474 
0144   | 0511 | 0450 | 535 
0160   | 0576 | 0504 | 604 
0176   | 0639 | 0559 | 667 
0192   | 0703 | 0616 | 735 
0208   | 0772 | 0670 | 806 
0224   | 0837 | 0730 | 873 
0240   | 0907 | 0793 | 947 
0255   | 0985 | 0850 | 1023 
pts   |  R  |  G  |  B 
0000   | 0000 | 0000 | 0 
0016   | 0056 | 0045 | 43 
0032   | 0120 | 0104 | 112 
0048   | 0180 | 0158 | 172 
0064   | 0233 | 0204 | 243 
0080   | 0278 | 0245 | 290 
0096   | 0333 | 0296 | 348 
0112   | 0395 | 0347 | 412 
0128   | 0454 | 0399 | 474 
0144   | 0511 | 0450 | 535 
0160   | 0576 | 0504 | 604 
0176   | 0639 | 0559 | 667 
0192   | 0703 | 0616 | 735 
0208   | 0772 | 0670 | 806 
0224   | 0837 | 0730 | 873 
0240   | 0907 | 0793 | 947 
0255   | 0985 | 0850 | 1023 
pts   |  R  |  G  |  B 
0000   | 0000 | 0000 | 0 
0016   | 0056 | 0045 | 43 
0032   | 0120 | 0104 | 112 
0048   | 0180 | 0158 | 172 
0064   | 0233 | 0204 | 230 
0080   | 0278 | 0245 | 290 
0096   | 0333 | 0296 | 348 
0112   | 0395 | 0347 | 412 
0128   | 0454 | 0399 | 474 
0144   | 0511 | 0450 | 535 
0160   | 0576 | 0504 | 604 
0176   | 0639 | 0559 | 667 
0192   | 0703 | 0616 | 735 
0208   | 0772 | 0670 | 806 
0224   | 0837 | 0730 | 873 
0240   | 0907 | 0793 | 947 
0255   | 0985 | 0850 | 1023 
pts   |  R  |  G  |  B 
0000   | 0000 | 0000 | 0 
0016   | 0056 | 0045 | 43 
0032   | 0120 | 0104 | 112 
0048   | 0180 | 0158 | 172 
0064   | 0223 | 0200 | 230 
0080   | 0278 | 0245 | 290 
0096   | 0333 | 0296 | 348 
0112   | 0395 | 0347 | 412 
0128   | 0454 | 0399 | 474 
0144   | 0511 | 0450 | 535 
0160   | 0576 | 0504 | 604 
0176   | 0639 | 0559 | 667 
0192   | 0703 | 0616 | 735 
0208   | 0772 | 0670 | 806 
0224   | 0837 | 0730 | 873 
0240   | 0907 | 0793 | 947 
0255   | 0985 | 0850 | 1023 
pts   |  R  |  G  |  B 
0000   | 0000 | 0000 | 0 
0016   | 0056 | 0045 | 43 
0032   | 0120 | 0104 | 112 
0048   | 0180 | 0158 | 172 
0064   | 0219 | 0199 | 230 
0080   | 0278 | 0245 | 290 
0096   | 0333 | 0296 | 348 
0112   | 0395 | 0347 | 412 
0128   | 0454 | 0399 | 474 
0144   | 0511 | 0450 | 535 
0160   | 0576 | 0504 | 604 
0176   | 0639 | 0559 | 667 
0192   | 0703 | 0616 | 735 
0208   | 0772 | 0670 | 806 
0224   | 0837 | 0730 | 873 
0240   | 0907 | 0793 | 947 
0255   | 0985 | 0850 | 1023 
pts   |  R  |  G  |  B 
0000   | 0000 | 0000 | 0 
0016   | 0056 | 0045 | 43 
0032   | 0120 | 0104 | 112 
0048   | 0180 | 0158 | 172 
0064   | 0221 | 0198 | 230 
0080   | 0278 | 0245 | 290 
0096   | 0333 | 0296 | 348 
0112   | 0395 | 0347 | 412 
0128   | 0454 | 0399 | 474 
0144   | 0511 | 0450 | 535 
0160   | 0576 | 0504 | 604 
0176   | 0639 | 0559 | 667 
0192   | 0703 | 0616 | 735 
0208   | 0772 | 0670 | 806 
0224   | 0837 | 0730 | 873 
0240   | 0907 | 0793 | 947 
0255   | 0985 | 0850 | 1023 
pts   |  R  |  G  |  B 
0000   | 0000 | 0000 | 0 
0016   | 0056 | 0045 | 43 
0032   | 0120 | 0104 | 112 
0048   | 0173 | 0150 | 180 
0064   | 0221 | 0198 | 230 
0080   | 0278 | 0245 | 290 
0096   | 0333 | 0296 | 348 
0112   | 0395 | 0347 | 412 
0128   | 0454 | 0399 | 474 
0144   | 0511 | 0450 | 535 
0160   | 0576 | 0504 | 604 
0176   | 0639 | 0559 | 667 
0192   | 0703 | 0616 | 735 
0208   | 0772 | 0670 | 806 
0224   | 0837 | 0730 | 873 
0240   | 0907 | 0793 | 947 
0255   | 0985 | 0850 | 1023 
pts   |  R  |  G  |  B 
0000   | 0000 | 0000 | 0 
0016   | 0056 | 0045 | 43 
0032   | 0120 | 0104 | 112 
0048   | 0173 | 0150 | 170 
0064   | 0221 | 0198 | 230 
0080   | 0278 | 0245 | 290 
0096   | 0333 | 0296 | 348 
0112   | 0395 | 0347 | 412 
0128   | 0454 | 0399 | 474 
0144   | 0511 | 0450 | 535 
0160   | 0576 | 0504 | 604 
0176   | 0639 | 0559 | 667 
0192   | 0703 | 0616 | 735 
0208   | 0772 | 0670 | 806 
0224   | 0837 | 0730 | 873 
0240   | 0907 | 0793 | 947 
0255   | 0985 | 0850 | 1023 
pts   |  R  |  G  |  B 
0000   | 0000 | 0000 | 0 
0016   | 0056 | 0045 | 43 
0032   | 0120 | 0104 | 112 
0048   | 0173 | 0150 | 165 
0064   | 0221 | 0198 | 230 
0080   | 0278 | 0245 | 290 
0096   | 0333 | 0296 | 348 
0112   | 0395 | 0347 | 412 
0128   | 0454 | 0399 | 474 
0144   | 0511 | 0450 | 535 
0160   | 0576 | 0504 | 604 
0176   | 0639 | 0559 | 667 
0192   | 0703 | 0616 | 735 
0208   | 0772 | 0670 | 806 
0224   | 0837 | 0730 | 873 
0240   | 0907 | 0793 | 947 
0255   | 0985 | 0850 | 1023 
pts   |  R  |  G  |  B 
0000   | 0000 | 0000 | 0 
0016   | 0056 | 0045 | 43 
0032   | 0120 | 0104 | 112 
0048   | 0173 | 0150 | 175 
0064   | 0221 | 0198 | 230 
0080   | 0278 | 0245 | 290 
0096   | 0333 | 0296 | 348 
0112   | 0395 | 0347 | 412 
0128   | 0454 | 0399 | 474 
0144   | 0511 | 0450 | 535 
0160   | 0576 | 0504 | 604 
0176   | 0639 | 0559 | 667 
0192   | 0703 | 0616 | 735 
0208   | 0772 | 0670 | 806 
0224   | 0837 | 0730 | 873 
0240   | 0907 | 0793 | 947 
0255   | 0985 | 0850 | 1023 
pts   |  R  |  G  |  B 
0000   | 0000 | 0000 | 0 
0016   | 0056 | 0045 | 43 
0032   | 0120 | 0104 | 112 
0048   | 0172 | 0150 | 175 
0064   | 0221 | 0198 | 230 
0080   | 0278 | 0245 | 290 
0096   | 0333 | 0296 | 348 
0112   | 0395 | 0347 | 412 
0128   | 0454 | 0399 | 474 
0144   | 0511 | 0450 | 535 
0160   | 0576 | 0504 | 604 
0176   | 0639 | 0559 | 667 
0192   | 0703 | 0616 | 735 
0208   | 0772 | 0670 | 806 
0224   | 0837 | 0730 | 873 
0240   | 0907 | 0793 | 947 
0255   | 0985 | 0850 | 1023 
pts   |  R  |  G  |  B 
0000   | 0000 | 0000 | 0 
0016   | 0056 | 0045 | 43 
0032   | 0120 | 0104 | 112 
0048   | 0170 | 0150 | 175 
0064   | 0221 | 0198 | 230 
0080   | 0278 | 0245 | 290 
0096   | 0333 | 0296 | 348 
0112   | 0395 | 0347 | 412 
0128   | 0454 | 0399 | 474 
0144   | 0511 | 0450 | 535 
0160   | 0576 | 0504 | 604 
0176   | 0639 | 0559 | 667 
0192   | 0703 | 0616 | 735 
0208   | 0772 | 0670 | 806 
0224   | 0837 | 0730 | 873 
0240   | 0907 | 0793 | 947 
0255   | 0985 | 0850 | 1023 
pts   |  R  |  G  |  B 
0000   | 0000 | 0000 | 0 
0016   | 0056 | 0045 | 43 
0032   | 0120 | 0104 | 112 
0048   | 0170 | 0151 | 175 
0064   | 0221 | 0198 | 230 
0080   | 0278 | 0245 | 290 
0096   | 0333 | 0296 | 348 
0112   | 0395 | 0347 | 412 
0128   | 0454 | 0399 | 474 
0144   | 0511 | 0450 | 535 
0160   | 0576 | 0504 | 604 
0176   | 0639 | 0559 | 667 
0192   | 0703 | 0616 | 735 
0208   | 0772 | 0670 | 806 
0224   | 0837 | 0730 | 873 
0240   | 0907 | 0793 | 947 
0255   | 0985 | 0850 | 1023 
pts   |  R  |  G  |  B 
0000   | 0000 | 0000 | 0 
0016   | 0056 | 0045 | 43 
0032   | 0120 | 0104 | 112 
0048   | 0170 | 0151 | 176 
0064   | 0221 | 0198 | 230 
0080   | 0278 | 0245 | 290 
0096   | 0333 | 0296 | 348 
0112   | 0395 | 0347 | 412 
0128   | 0454 | 0399 | 474 
0144   | 0511 | 0450 | 535 
0160   | 0576 | 0504 | 604 
0176   | 0639 | 0559 | 667 
0192   | 0703 | 0616 | 735 
0208   | 0772 | 0670 | 806 
0224   | 0837 | 0730 | 873 
0240   | 0907 | 0793 | 947 
0255   | 0985 | 0850 | 1023 
pts   |  R  |  G  |  B 
0000   | 0000 | 0000 | 0 
0016   | 0056 | 0045 | 43 
0032   | 0120 | 0104 | 112 
0048   | 0170 | 0151 | 174 
0064   | 0221 | 0198 | 230 
0080   | 0278 | 0245 | 290 
0096   | 0333 | 0296 | 348 
0112   | 0395 | 0347 | 412 
0128   | 0454 | 0399 | 474 
0144   | 0511 | 0450 | 535 
0160   | 0576 | 0504 | 604 
0176   | 0639 | 0559 | 667 
0192   | 0703 | 0616 | 735 
0208   | 0772 | 0670 | 806 
0224   | 0837 | 0730 | 873 
0240   | 0907 | 0793 | 947 
0255   | 0985 | 0850 | 1023 
pts   |  R  |  G  |  B 
0000   | 0000 | 0000 | 0 
0016   | 0056 | 0045 | 43 
0032   | 0120 | 0104 | 112 
0048   | 0169 | 0150 | 174 
0064   | 0221 | 0198 | 230 
0080   | 0278 | 0245 | 290 
0096   | 0333 | 0296 | 348 
0112   | 0395 | 0347 | 412 
0128   | 0454 | 0399 | 474 
0144   | 0511 | 0450 | 535 
0160   | 0576 | 0504 | 604 
0176   | 0639 | 0559 | 667 
0192   | 0703 | 0616 | 735 
0208   | 0772 | 0670 | 806 
0224   | 0837 | 0730 | 873 
0240   | 0907 | 0793 | 947 
0255   | 0985 | 0850 | 1023 
pts   |  R  |  G  |  B 
0000   | 0000 | 0000 | 0 
0016   | 0056 | 0045 | 43 
0032   | 0120 | 0104 | 112 
0048   | 0169 | 0149 | 173 
0064   | 0221 | 0198 | 230 
0080   | 0278 | 0245 | 290 
0096   | 0333 | 0296 | 348 
0112   | 0395 | 0347 | 412 
0128   | 0454 | 0399 | 474 
0144   | 0511 | 0450 | 535 
0160   | 0576 | 0504 | 604 
0176   | 0639 | 0559 | 667 
0192   | 0703 | 0616 | 735 
0208   | 0772 | 0670 | 806 
0224   | 0837 | 0730 | 873 
0240   | 0907 | 0793 | 947 
0255   | 0985 | 0850 | 1023 
pts   |  R  |  G  |  B 
0000   | 0000 | 0000 | 0 
0016   | 0056 | 0045 | 43 
0032   | 0120 | 0104 | 112 
0048   | 0168 | 0149 | 173 
0064   | 0221 | 0198 | 230 
0080   | 0278 | 0245 | 290 
0096   | 0333 | 0296 | 348 
0112   | 0395 | 0347 | 412 
0128   | 0454 | 0399 | 474 
0144   | 0511 | 0450 | 535 
0160   | 0576 | 0504 | 604 
0176   | 0639 | 0559 | 667 
0192   | 0703 | 0616 | 735 
0208   | 0772 | 0670 | 806 
0224   | 0837 | 0730 | 873 
0240   | 0907 | 0793 | 947 
0255   | 0985 | 0850 | 1023 
pts   |  R  |  G  |  B 
0000   | 0000 | 0000 | 0 
0016   | 0056 | 0045 | 43 
0032   | 0117 | 0177 | 176 
0048   | 0168 | 0149 | 173 
0064   | 0221 | 0198 | 230 
0080   | 0278 | 0245 | 290 
0096   | 0333 | 0296 | 348 
0112   | 0395 | 0347 | 412 
0128   | 0454 | 0399 | 474 
0144   | 0511 | 0450 | 535 
0160   | 0576 | 0504 | 604 
0176   | 0639 | 0559 | 667 
0192   | 0703 | 0616 | 735 
0208   | 0772 | 0670 | 806 
0224   | 0837 | 0730 | 873 
0240   | 0907 | 0793 | 947 
0255   | 0985 | 0850 | 1023 
pts   |  R  |  G  |  B 
0000   | 0000 | 0000 | 0 
0016   | 0056 | 0045 | 43 
0032   | 0117 | 0116 | 114 
0048   | 0168 | 0149 | 173 
0064   | 0221 | 0198 | 230 
0080   | 0278 | 0245 | 290 
0096   | 0333 | 0296 | 348 
0112   | 0395 | 0347 | 412 
0128   | 0454 | 0399 | 474 
0144   | 0511 | 0450 | 535 
0160   | 0576 | 0504 | 604 
0176   | 0639 | 0559 | 667 
0192   | 0703 | 0616 | 735 
0208   | 0772 | 0670 | 806 
0224   | 0837 | 0730 | 873 
0240   | 0907 | 0793 | 947 
0255   | 0985 | 0850 | 1023 
pts   |  R  |  G  |  B 
0000   | 0000 | 0000 | 0 
0016   | 0056 | 0045 | 43 
0032   | 0115 | 0098 | 114 
0048   | 0168 | 0149 | 173 
0064   | 0221 | 0198 | 230 
0080   | 0278 | 0245 | 290 
0096   | 0333 | 0296 | 348 
0112   | 0395 | 0347 | 412 
0128   | 0454 | 0399 | 474 
0144   | 0511 | 0450 | 535 
0160   | 0576 | 0504 | 604 
0176   | 0639 | 0559 | 667 
0192   | 0703 | 0616 | 735 
0208   | 0772 | 0670 | 806 
0224   | 0837 | 0730 | 873 
0240   | 0907 | 0793 | 947 
0255   | 0985 | 0850 | 1023 
pts   |  R  |  G  |  B 
0000   | 0000 | 0000 | 0 
0016   | 0056 | 0045 | 43 
0032   | 0115 | 0098 | 116 
0048   | 0168 | 0149 | 173 
0064   | 0221 | 0198 | 230 
0080   | 0278 | 0245 | 290 
0096   | 0333 | 0296 | 348 
0112   | 0395 | 0347 | 412 
0128   | 0454 | 0399 | 474 
0144   | 0511 | 0450 | 535 
0160   | 0576 | 0504 | 604 
0176   | 0639 | 0559 | 667 
0192   | 0703 | 0616 | 735 
0208   | 0772 | 0670 | 806 
0224   | 0837 | 0730 | 873 
0240   | 0907 | 0793 | 947 
0255   | 0985 | 0850 | 1023 
pts   |  R  |  G  |  B 
0000   | 0000 | 0000 | 0 
0016   | 0056 | 0045 | 43 
0032   | 0115 | 0098 | 117 
0048   | 0168 | 0149 | 173 
0064   | 0221 | 0198 | 230 
0080   | 0278 | 0245 | 290 
0096   | 0333 | 0296 | 348 
0112   | 0395 | 0347 | 412 
0128   | 0454 | 0399 | 474 
0144   | 0511 | 0450 | 535 
0160   | 0576 | 0504 | 604 
0176   | 0639 | 0559 | 667 
0192   | 0703 | 0616 | 735 
0208   | 0772 | 0670 | 806 
0224   | 0837 | 0730 | 873 
0240   | 0907 | 0793 | 947 
0255   | 0985 | 0850 | 1023 
pts   |  R  |  G  |  B 
0000   | 0000 | 0000 | 0 
0016   | 0056 | 0045 | 43 
0032   | 0115 | 0098 | 112 
0048   | 0168 | 0149 | 173 
0064   | 0221 | 0198 | 230 
0080   | 0278 | 0245 | 290 
0096   | 0333 | 0296 | 348 
0112   | 0395 | 0347 | 412 
0128   | 0454 | 0399 | 474 
0144   | 0511 | 0450 | 535 
0160   | 0576 | 0504 | 604 
0176   | 0639 | 0559 | 667 
0192   | 0703 | 0616 | 735 
0208   | 0772 | 0670 | 806 
0224   | 0837 | 0730 | 873 
0240   | 0907 | 0793 | 947 
0255   | 0985 | 0850 | 1023 
pts   |  R  |  G  |  B 
0000   | 0000 | 0000 | 0 
0016   | 0056 | 0045 | 43 
0032   | 0110 | 0098 | 112 
0048   | 0168 | 0149 | 173 
0064   | 0221 | 0198 | 230 
0080   | 0278 | 0245 | 290 
0096   | 0333 | 0296 | 348 
0112   | 0395 | 0347 | 412 
0128   | 0454 | 0399 | 474 
0144   | 0511 | 0450 | 535 
0160   | 0576 | 0504 | 604 
0176   | 0639 | 0559 | 667 
0192   | 0703 | 0616 | 735 
0208   | 0772 | 0670 | 806 
0224   | 0837 | 0730 | 873 
0240   | 0907 | 0793 | 947 
0255   | 0985 | 0850 | 1023 
pts   |  R  |  G  |  B 
0000   | 0000 | 0000 | 0 
0016   | 0056 | 0045 | 43 
0032   | 0110 | 0097 | 112 
0048   | 0168 | 0149 | 173 
0064   | 0221 | 0198 | 230 
0080   | 0278 | 0245 | 290 
0096   | 0333 | 0296 | 348 
0112   | 0395 | 0347 | 412 
0128   | 0454 | 0399 | 474 
0144   | 0511 | 0450 | 535 
0160   | 0576 | 0504 | 604 
0176   | 0639 | 0559 | 667 
0192   | 0703 | 0616 | 735 
0208   | 0772 | 0670 | 806 
0224   | 0837 | 0730 | 873 
0240   | 0907 | 0793 | 947 
0255   | 0985 | 0850 | 1023 
pts   |  R  |  G  |  B 
0000   | 0000 | 0000 | 0 
0016   | 0053 | 0042 | 42 
0032   | 0110 | 0097 | 112 
0048   | 0168 | 0149 | 173 
0064   | 0221 | 0198 | 230 
0080   | 0278 | 0245 | 290 
0096   | 0333 | 0296 | 348 
0112   | 0395 | 0347 | 412 
0128   | 0454 | 0399 | 474 
0144   | 0511 | 0450 | 535 
0160   | 0576 | 0504 | 604 
0176   | 0639 | 0559 | 667 
0192   | 0703 | 0616 | 735 
0208   | 0772 | 0670 | 806 
0224   | 0837 | 0730 | 873 
0240   | 0907 | 0793 | 947 
0255   | 0985 | 0850 | 1023 
pts   |  R  |  G  |  B 
0000   | 0000 | 0000 | 0 
0016   | 0053 | 0042 | 44 
0032   | 0110 | 0097 | 112 
0048   | 0168 | 0149 | 173 
0064   | 0221 | 0198 | 230 
0080   | 0278 | 0245 | 290 
0096   | 0333 | 0296 | 348 
0112   | 0395 | 0347 | 412 
0128   | 0454 | 0399 | 474 
0144   | 0511 | 0450 | 535 
0160   | 0576 | 0504 | 604 
0176   | 0639 | 0559 | 667 
0192   | 0703 | 0616 | 735 
0208   | 0772 | 0670 | 806 
0224   | 0837 | 0730 | 873 
0240   | 0907 | 0793 | 947 
0255   | 0985 | 0850 | 1023 
pts   |  R  |  G  |  B 
0000   | 0000 | 0000 | 0 
0016   | 0052 | 0042 | 44 
0032   | 0110 | 0097 | 112 
0048   | 0168 | 0149 | 173 
0064   | 0221 | 0198 | 230 
0080   | 0278 | 0245 | 290 
0096   | 0333 | 0296 | 348 
0112   | 0395 | 0347 | 412 
0128   | 0454 | 0399 | 474 
0144   | 0511 | 0450 | 535 
0160   | 0576 | 0504 | 604 
0176   | 0639 | 0559 | 667 
0192   | 0703 | 0616 | 735 
0208   | 0772 | 0670 | 806 
0224   | 0837 | 0730 | 873 
0240   | 0907 | 0793 | 947 
0255   | 0985 | 0850 | 1023 
pts   |  R  |  G  |  B 
0000   | 0000 | 0000 | 0 
0016   | 0053 | 0049 | 43 
0032   | 0112 | 0114 | 109 
0048   | 0171 | 0175 | 169 
0064   | 0224 | 0233 | 225 
0080   | 0282 | 0288 | 283 
0096   | 0338 | 0348 | 340 
0112   | 0401 | 0408 | 403 
0128   | 0461 | 0469 | 463 
0144   | 0519 | 0529 | 523 
0160   | 0585 | 0593 | 590 
0176   | 0649 | 0658 | 652 
0192   | 0714 | 0725 | 718 
0208   | 0784 | 0788 | 788 
0224   | 0850 | 0859 | 853 
0240   | 0921 | 0933 | 926 
0255   | 1000 | 1000 | 1000 
